99.063883689
99.0429190477
99.2165652882
98.9945497139
98.9913017023
98.4990452103
98.6770249836
99.0739767765
99.1159669943
99.1657003116
99.5598929867
99.429031749
99.9849906309
100.157370995
100.681037185
101.039656401
100.254583214
100.137674686
99.8991764974
99.5663277778
99.3485520291
99.0465982371
99.3485608937
99.2318156982
98.8922846537
98.6860324119
98.6902343083
98.9537922873
98.8156986494
98.6117296743
99.341195976
99.0644185446
99.0579173974
99.0035158072
99.2808896677
99.0421531385
99.3631191205
99.4785991283
99.9230221998
100.073278088
99.5737466071
99.3415005121
99.5675168506
99.6592745789
99.7208412386
99.8693350283
99.7827977034
99.5091155575
99.4106413056
99.2620741678
99.2549112709
99.4234171186
99.4891437822
98.8724920465
99.171622568
99.3506095893
99.4409858659
99.2823757842
98.673457784
98.7955135747
98.5388258101
98.3287053075
98.6663208023
99.0045839375
99.079359497
99.4431412746
99.230912857
99.3120791608
99.7708407114
99.883575625
100.081163942
99.8124922281
99.8857279408
99.8734361121
99.6684476794
100.12432882
100.197419538
100.039029609
100.117626488
100.547093032
100.657771073
100.770590443
100.574964466
100.174262539
100.38069024
100.078842684
99.9261903978
99.9439192529
99.8895219301
99.9484635768
99.6981081317
100.017895824
100.02508369
100.363966258
100.416510652
100.111593355
100.289728433
100.165841782
100.186695137
100.383441629
100.707531106
100.944971673
100.999761995
100.760337974
100.981415476
100.799500033
100.134228576
100.09619576
100.368577915
100.142074237
100.289387738
100.146402947
100.147137686
100.272342827
99.8477085295
99.5584311252
99.560158781
99.5222060322
100.118598457
100.155605494
99.5960637697
100.099809645
100.376314415
99.9973367241
100.202083505
100.07369485
100.026694085
100.178273453
100.568655603
100.278089142
100.269832423
100.454736369
100.350096362
100.672804715
100.514536396
100.381829543
100.426100554
100.397622653
100.77454085
100.787649866
100.839506768
101.04537402
100.979815421
100.57893722
100.287815353
100.007600772
99.9088310115
100.081555822
100.183227194
100.054443539
100.244839085
100.275316065
100.161020731
100.187573997
100.092611216
100.11552944
99.9075080981
99.6822207287
99.9618359815
100.310382945
99.8131823182
99.9861404667
99.55436466
99.3658758606
99.8328699526
99.9072515503
99.8789371366
100.388515523
100.162329687
99.9003242546
100.066811374
100.006902849
100.25181043
100.159681422
100.029971366
100.044179769
99.5825386912
99.922226056
99.4656827344
99.4393837145
99.8970590344
100.010928246
99.8761931052
99.9192675132
100.079692271
100.14378876
100.474953113
100.437473272
100.616187139
100.756848439
100.313134479
100.605467607
100.907232153
100.699007919
100.835815715
100.906602342
100.994041369
101.161702336
101.767319906
101.97482833
101.710722386
101.799108327
102.250465995
102.4768527
102.854085719
102.883192307
102.794902968
102.905964058
103.03862845
103.356509781
103.063000131
102.77935007
102.859404915
103.173560229
103.027381143
102.71842581
103.038925809
103.313385974
103.302141531
103.016309655
103.206715385
103.195989538
103.238769581
103.190989942
103.522867387
103.640530773
103.94315752
103.642905537
104.201292346
103.669176112
103.339168545
102.923758425
103.011607302
102.663246019
102.43517697
101.811070091
101.409169162
101.215709297
101.45465127
101.647642265
101.829816696
101.974400477
101.698033405
101.961435832
101.837171793
101.641440722
101.606288881
101.69726668
101.183354131
101.511622338
101.012912946
100.849547295
100.693421449
100.357350484
100.265718328
99.6141374321
98.7885472874
98.873676803
98.7870192966
98.7846713698
99.6291513297
99.9135348462
100.329799478
100.225967883
100.077649293
100.099879607
100.463167346
100.569513181
100.399365604
100.426570858
100.324372165
100.190997159
99.9229402264
99.5859802612
99.4349800565
99.6554831309
99.6150987364
99.1609022736
99.3208849906
99.7985668692
99.8281759494
99.7872331119
99.8493176911
99.8806942854
99.8346050096
99.7714709409
99.704178668
99.4462295981
99.2360850412
98.6288399228
98.6326809246
98.9309556012
98.9748384322
98.8454437171
98.7908025327
98.3587063635
98.5730641352
99.1480772323
99.7585561904
99.6702318331
99.2695954593
99.3329092023
99.9610387484
99.8037359561
100.146358272
100.345733118
100.244845281
100.352877115
99.876579398
99.2030172916
98.6482920882
98.9903618779
99.1012219099
99.4172509367
98.7717145515
98.5101204073
98.9587289453
98.4123627613
98.5959070231
98.2857919731
98.6195393296
98.6956993623
98.2948027431
98.1174122503
97.8729751199
97.3507770263
97.0211605789
96.8007979354
97.1339100255
96.5541337479
96.1188744728
95.9125175741
95.4430914501
95.238929778
95.4733557435
96.4897083932
96.6884193815
96.3935348702
96.5675593208
96.2525895141
95.9869413735
95.5365050474
95.1725283898
95.4576235167
95.2332687159
94.8232014811
94.7562525704
94.6774203036
94.3280656843
94.6594006823
94.0392575909
93.5734455893
93.770179473
94.3601274527
94.6726899514
94.7578544583
94.6295302636
94.1028396444
94.1765806809
93.8148443141
94.1559289395
94.4360294675
94.7663700907
94.9183497315
95.7232087645
95.5943392761
95.3083970025
94.8865939426
94.8158280189
95.0514003088
94.7309584559
94.8621438828
94.5848998584
94.5934250021
94.9294178718
94.950351258
94.9700385056
95.4407050919
95.6453183776
96.3824876366
96.285015564
96.2798914309
96.1315314474
95.9820948437
95.9702168407
95.758802532
96.1374160418
95.8985669486
96.1797788463
96.3147881857
96.5944893312
96.5638392054
96.5000309057
96.9246968849
96.5619428165
96.7802243503
96.6023982959
96.8602679722
96.6876595662
96.4886925815
96.2868071272
96.5147948086
97.1090423858
97.3803490958
97.300733473
97.4923775681
97.7627899069
97.8995626473
97.8069414906
97.6294032961
97.4565769703
97.4388949994
97.3375933228
98.1674951235
97.9208941254
97.9321253593
97.5015519002
98.3115044932
97.8575838847
97.9283110729
97.9281844044
98.0440731409
97.915798339
97.9882972769
98.5121311222
98.1581789979
97.9303470679
98.0208424326
97.4883225139
97.4760780856
97.1484603991
97.1168277011
97.4518716247
97.4088465263
97.6025532345
97.7132768181
98.0589860722
97.0721696005
95.746613551
95.9576231946
96.6743264142
98.0134628454
97.8594034518
98.3159956198
99.031396106
99.2166331054
99.1219751089
99.4343573921
98.705447423
98.6367707409
