98.1536688448
98.5725944994
97.9747564621
97.5023747706
97.3586407606
96.6399403678
96.4476230454
96.2306675902
95.7748957231
95.4972129115
95.0588344913
95.0393194842
94.7145874545
94.2781273336
93.5701078498
92.8712686907
93.7983321994
93.5403699154
93.1398348763
92.6846115453
94.2326701359
93.5115757898
93.224770416
93.6153318369
93.2241790803
93.3952585507
93.5368502957
92.9481146908
92.7723557252
93.903886333
94.5359007594
94.6372112764
94.3097765283
94.599579381
94.963053286
94.3654326089
93.6402144315
93.8711995487
93.6329024579
93.6192133025
93.9928252636
93.6158864125
93.8682916596
93.4833954352
93.006710523
92.6162400722
91.945132526
91.5260417695
91.7650785953
91.1572386401
91.4311065255
91.5330341031
91.3412534911
91.1949655312
91.6719140303
91.7222068932
92.2660387857
92.0103765715
92.4636216356
92.8876982559
92.7701342885
93.1853848554
93.0054272617
92.3166776561
92.1503751833
91.6813457687
91.8112560915
91.4319567982
91.5398125119
91.7049091257
91.1938381015
91.8622012761
91.6668624475
91.2959848928
91.233916012
90.6982219672
89.0171577558
89.415454111
89.0711064867
89.0483902857
90.3100354566
89.9197019822
89.9646519547
90.088516266
90.4341254372
91.0660232125
90.5523186256
90.35256229
90.4456533487
90.4555177143
90.5431448602
89.6123336855
90.030531205
89.3497682876
89.8153615743
89.6376397827
89.6282712062
89.4389084086
89.7298529035
89.0233941656
89.2419842585
90.0271532384
90.2028591623
89.9136224979
90.3385929774
91.2136842872
91.7585275544
91.5551095721
91.2293432136
91.3640909029
91.6825737873
92.0222781474
92.2984800869
91.6817023263
91.8599680937
91.861737129
92.3360897483
92.6600084748
93.4838510992
92.387337194
92.1876914339
92.2816330246
92.3220678203
92.6376253879
93.2810299474
93.6674870363
93.6461641127
94.1620789074
94.0523684251
93.8196278815
93.7710266863
93.3481136709
93.1989213172
92.8238325779
92.4050554629
93.0666418132
93.2853319325
93.6469018651
92.7575209095
93.4132573001
93.8908423743
94.2912212424
95.247017719
94.4962688794
95.6391091725
95.3714311125
94.603436415
94.3199584765
94.0735389702
93.5164276897
92.6274852921
92.6780100754
93.0487153494
93.1507981711
93.5581565222
93.1916801209
93.3730739761
93.9450151818
94.6134199175
94.6859751243
94.4289789066
94.4747431456
94.6147560498
94.663950681
95.5232480197
95.3725205307
95.4928804687
96.1026803307
96.626886127
96.5591673474
96.8984010049
97.0628636151
97.7745278596
97.8621963857
97.9829817711
98.1111047897
99.0044627828
99.3832311692
99.557775789
99.1932140011
99.272410916
99.6871720164
99.2948968365
99.0828488371
98.9178319183
99.0903697272
98.7228924204
98.8926903135
98.7013992083
98.178630452
97.6733180993
98.2168474585
97.8226000989
98.8392668219
99.4827398209
99.2009372368
99.2938775721
99.2808534186
99.2983450435
99.044248624
99.5230182547
99.061593961
98.8232654451
98.2531202545
97.0029552348
97.1860821485
96.1144322133
96.1544856272
95.9827517825
95.9085934983
95.6363669008
95.6652152031
95.4904714208
95.6277734189
95.1188336904
94.5436449668
94.7743189842
94.8775755389
94.7334616366
94.4774976505
94.8630580477
95.7563065091
95.2483123201
95.2125821814
95.4474441681
95.2984270876
95.4654713278
95.6976186081
96.5062313999
96.6866004436
96.0556914611
96.6440330225
96.3054484354
96.3990034322
95.9685234643
95.723038156
95.9153407302
95.8287638015
95.6584518466
95.2037429468
95.0146303227
95.1497169245
94.9550030383
95.5937826231
95.7100324685
95.7099934727
95.901004133
95.7670316674
95.3963084356
96.1070647278
96.0184588854
95.781393315
95.3486879181
95.2387598739
95.2371409811
95.398788829
95.4444711605
96.3641762474
95.5307587326
95.9265646422
96.3702711567
96.6960933213
96.993975812
96.9749965065
96.4929505616
96.276402265
96.5859826115
97.3250840588
97.564792774
96.6510964904
96.8811228868
96.9726208269
97.6112575338
98.24231684
98.6304143266
98.4613660592
98.5252403308
97.6152924396
97.6331928406
97.6097726558
98.1693815073
98.2003455847
98.1673764562
97.9721272368
98.2312054591
98.1616771086
97.7468202179
98.058218312
97.5885886722
97.7063512597
98.5720024395
97.8043925515
97.8464203884
97.8581669232
97.9814069207
98.3322894789
98.3995138521
97.9830966143
98.1237710449
97.7489128872
97.1595689856
97.2978984137
97.7663433622
97.2599409601
96.5742538888
96.6183583411
96.4192441687
96.4772931414
96.2719807121
96.1432155783
96.2338992886
95.7458758345
95.6420050107
95.4759521163
95.5679289183
95.5042513242
95.4506115112
95.4209583651
95.292158231
95.0632590689
95.3757697204
95.2709196904
95.5507123626
95.3838908171
95.8039339151
95.1799323542
94.9181571347
95.2929468657
95.5561037401
95.8920091956
95.3928271252
94.4835256431
94.3720102203
94.0043916188
93.8318914273
93.5806428089
93.5073922758
93.9738760151
93.7411958764
93.8865281114
94.0179947652
93.2590251573
92.7659218469
92.642293936
92.864116298
92.7686153789
92.5206816746
92.8130298574
92.7059508992
92.781790885
92.7293450069
92.6845418331
92.3732934239
92.6374047968
92.5139861356
92.4567693443
92.0330476834
91.9543363385
91.8680481455
91.6806372891
91.72786767
91.6983970247
92.2406596859
92.2805070658
91.7374867416
91.8414561352
91.8268497985
91.4921484107
91.2160404386
91.3053013627
91.4792235539
91.3458620132
91.3276215593
91.740628076
91.3963206704
91.3574865919
91.3145653841
91.1558856625
91.2563469281
91.220540107
90.8251440549
90.7083862728
91.0370554544
91.118171702
90.8096544487
90.9272342118
90.8851352874
91.0530604707
91.3825333198
91.7507906197
91.9655085589
92.1250044241
92.2787792342
92.6430098437
92.0496055149
92.0931652469
92.0491183679
91.5595757789
91.2661614331
91.1206580323
91.349213612
91.477677659
91.389294428
91.4187208916
91.187465072
91.4114677421
91.4464964415
91.8061335683
91.928500862
92.1714792228
91.9712576217
91.4381074483
91.3975455423
91.6011255317
92.2229089698
92.3744116945
92.4150680026
92.2892194392
92.2413907718
92.391253301
92.2209801008
92.0403691753
92.2088179335
91.8455636977
92.0240234771
91.9123942771
92.2469930138
92.0964785386
92.1933092551
91.9326102323
91.7994653161
91.7420491211
91.8238694977
91.88992634
92.0336129906
92.2181939385
92.217345362
92.0725079884
91.7624273561
91.715175886
91.6535334817
91.8270567254
91.9556453056
92.1970796608
92.1266601722
92.1990107383
92.3851897094
92.1356917594
92.0658741584
92.3245636023
