91.5484865154
91.6193951323
91.9590328822
91.8415619667
92.5090713354
92.4342326174
92.9583027173
93.3177915982
93.4927272045
93.7084474131
93.5888866672
94.0769193609
93.5399430787
93.71198115
93.6922336599
93.6756767483
92.9489036846
92.6685017498
92.8842675681
93.1371079887
93.3363376209
93.1456749692
93.8272037835
94.0616336087
93.8054469072
93.3440219801
92.84765277
93.3163824448
93.425659061
93.9046525813
93.9244184019
94.1202395045
94.5296090635
94.9357411151
94.9743992911
94.5911945004
94.6283485934
95.0384620953
94.94119848
95.2644374908
95.2390349804
94.7673804862
94.8524886611
94.869131087
94.73508123
94.7822940639
95.0417102715
94.4821691733
94.0385609533
93.5981976809
93.5465494449
93.3840898319
93.1087600753
93.0671279532
93.367304488
93.4089349812
93.6200709849
93.6478137369
93.7392134193
93.7796396422
93.9995080909
93.7940019921
93.7608857985
93.7474909347
94.2284985818
93.8081813426
94.0441082872
94.4125384787
94.3555388289
94.080243055
93.8349089757
93.9487046815
93.8776107243
94.1288459856
94.3652464222
94.4723635541
94.4430495536
94.3750178881
94.3888214123
95.0004152665
94.6743193941
94.4306621727
94.1313296346
94.1014164099
94.6989195926
95.153132251
94.7583182825
94.8881476179
94.6027120347
95.0465755487
95.4086082884
94.7890867352
94.8788749639
94.8330507653
95.06425044
95.276273687
95.4858635044
95.6758950977
96.3623049147
96.1591118929
96.474619213
96.5772803674
96.6812714206
96.708973213
97.0633536066
97.1570055226
96.7722614442
96.7690229806
96.9131714385
97.4001406346
97.3694503243
97.3320944439
98.0779909177
98.2806988421
97.959674854
97.937929397
97.4261690647
97.7173628257
97.4237321662
97.6228592108
97.7170465937
97.4345082446
97.3375792155
97.7174260742
97.7592897453
98.0491489962
98.5504079901
98.9280989745
98.9319563316
98.480966826
97.9394731901
97.7667943591
97.8015160072
97.6749664741
97.3847492991
97.376414088
97.3986535007
97.752797162
97.5675899617
97.4115020939
97.1936554363
97.7828179138
97.7362613163
98.0468830882
97.7450020706
97.801965207
98.1113664645
98.1628314929
98.2232396899
98.1508746406
98.4533338253
98.3947416652
98.0353938922
98.1088057089
97.7723446058
97.7950816987
97.7994829898
97.8964312066
97.6971619495
97.2004444917
97.1001972413
96.9741417438
97.1889372836
97.4507146208
97.4118097806
97.6317174032
97.8657647416
97.8838320516
97.8012196938
97.6934147389
97.959456219
97.6290775603
97.6489855492
98.0631952657
97.5456701166
97.8937091169
98.4903474329
98.359639969
98.1848695196
97.5532360507
98.0069318827
97.5917071721
97.7645138797
97.9735248762
97.6351916006
97.8410244877
97.9475036631
98.0117583839
98.248124127
98.0048622197
98.349855791
98.0195031866
98.0264162097
97.8167553262
97.4470966284
97.0960947436
96.8437318897
96.8660647575
96.745631246
96.1342912807
96.2649643437
96.5152662567
96.1973869029
95.7781730143
96.5000924412
96.5062331124
96.1092900671
95.5998601212
95.6062439702
95.8605255928
95.7683222513
96.5691243372
96.654664652
96.1733455522
96.2170216597
96.3036720254
96.8540645817
96.8501657043
97.1365180236
96.8554404204
97.3000946896
97.905814887
98.6890249405
98.6077427035
98.9044341854
98.9233524403
99.5551902087
99.9028418766
99.9882695669
100.721772848
100.61637791
100.621086061
101.384224349
101.942186544
101.756788455
101.766960753
101.920036456
101.437638077
101.749840318
101.946655639
101.900738996
101.758949382
101.550730575
101.176080342
100.288030411
99.9599513101
100.317552588
100.347437787
100.710485718
100.685009428
100.869148936
100.945131961
101.425382645
100.983667577
101.373749541
101.732407512
101.729060748
101.507944088
101.830031237
102.354667224
102.187963352
102.364485226
101.765491877
102.074901071
102.042287869
102.357456537
102.114626543
102.49275669
102.652541676
102.594562003
102.53048546
101.674221938
100.944973498
101.965443467
102.487607019
102.999285181
103.944454492
104.440209958
104.279082447
103.948674127
104.084953199
103.789091711
103.895549723
103.983053487
103.288259551
103.656589192
104.304794799
104.026638708
104.194770996
103.455666127
102.867217145
102.6864163
102.331532697
102.563615741
102.653251925
102.776574812
103.049566617
103.479441642
103.426891435
104.041798678
104.166912624
104.218646872
104.15358343
103.557900313
103.542661216
103.318721607
103.82734353
103.521235146
104.078676417
103.222382843
102.837674995
102.46969049
102.537672913
102.25128425
103.255079539
103.409741815
103.710352402
103.887589799
104.649503712
104.692868259
104.521771762
104.292978029
104.669371164
104.350640043
105.005435091
104.738469337
104.632332299
104.697717667
104.434128701
104.490088816
104.828204501
105.041401719
105.192842577
105.298822904
105.352918153
105.394320985
105.129037179
105.025293283
105.067798558
104.813474507
105.531490335
105.373564904
104.94501771
104.696881167
104.734280664
104.668944487
104.365294329
104.127973474
103.916588429
103.831911539
103.883014657
104.303386431
103.945043185
103.628397138
103.377678629
103.367391983
103.38074875
103.027973018
102.818874677
102.714405085
102.504212807
102.586564716
102.761386256
102.853478036
103.24298837
103.088968666
102.638832508
102.292571639
102.178355311
102.274593627
102.289919888
102.154982343
102.334688923
102.423762953
102.487187397
102.37932809
102.305665639
102.530646365
102.344071638
102.463974331
102.507290692
102.682681362
102.225672806
102.208337547
102.085699509
102.041403637
102.266625369
102.30780268
102.480886815
102.125504641
102.362173665
102.513997072
102.653255287
103.057227318
102.640859631
103.107083873
102.976203589
103.177436634
103.448225042
103.227617019
103.673766553
103.526201975
103.952662706
104.104689745
103.865346781
104.047207048
103.879795741
104.181794858
104.324984204
104.16010235
104.049104325
104.259283218
104.498295905
104.491398778
104.452433354
104.142687443
104.364478162
104.341193206
104.166008666
104.18301551
104.423031158
104.306548575
104.07988079
104.230199101
104.202292848
104.334800452
104.577745126
104.203598998
104.490437991
104.977964311
103.072889447
103.615739981
103.49484311
104.161953141
100.699151305
101.479232037
102.221244626
101.509622838
102.099138506
102.038594993
102.035156177
101.035969465
100.535625902
100.37572834
100.336447664
99.1800225764
99.227408204
98.7012425394
98.5061535796
98.2531914339
