97.5959709783
98.349391947
98.2886325113
98.4355499397
98.3316472093
99.1028709092
99.4669977234
99.0779462165
99.0029591736
98.5233925816
98.8766062018
98.6397059785
98.690335424
98.9825341225
98.9520212879
99.1869320226
99.3562572
99.2004701619
98.6764276477
99.1977767286
98.8902111176
98.818266141
97.6552234085
96.9794186067
97.4389980225
98.3373416715
97.5693433094
97.8731055035
98.4677110255
98.4983533737
99.4390281124
99.6979951953
99.6847869226
99.8616602614
100.47719212
99.9320297941
99.5933738915
99.2910245103
99.9273348742
99.7286964428
99.9252040425
99.7484077249
100.487672298
100.535464664
101.444853998
101.061374071
100.590335712
100.558312898
100.553406381
100.992277095
101.182733203
101.18908251
100.642482752
100.233104652
99.6515675398
99.9190726307
99.2976821362
98.6246700891
99.0951989535
100.205963569
99.8021532602
99.9190294103
100.858085222
100.953438896
101.237855472
101.146178519
101.024382515
100.215487772
101.465582933
101.288115996
101.013312774
99.9540695419
100.312129109
100.52578637
100.898156018
101.635635988
101.924365147
102.214831235
102.339200125
102.498463285
102.658245794
103.211720023
102.051383651
102.2204276
102.501688101
102.4576447
102.198262412
101.56026937
102.189381241
101.613827456
101.253269216
101.617093922
101.424065512
101.088429751
100.817906879
101.025384778
101.908373311
101.875071573
101.886552275
101.861318484
101.578539525
101.695673572
101.510722651
101.401127597
101.151343511
101.452625363
101.741957488
101.664999315
101.462913066
101.626983114
101.553778588
101.451097305
101.103811864
101.051872726
100.970818984
101.453649127
101.591487795
101.091885682
101.461948839
101.389101897
102.095870804
102.717904743
102.5938021
102.743895581
102.980701713
103.271017516
103.181128176
102.871651325
102.698574682
102.561093704
101.877615848
102.115754857
102.280065388
101.857325434
101.766979246
101.900475312
102.059617723
101.717388366
101.723330952
101.909393717
102.427400126
102.257987978
102.187297231
101.8184434
101.847882183
101.937840452
102.198165286
102.072306532
101.731238364
101.982332777
101.808833436
102.088532193
101.425068343
100.667531255
100.644999421
100.943742862
101.35596451
101.414895467
101.647531552
101.373192929
101.527475716
101.224158855
101.35641415
101.227042798
101.677335465
101.40881492
101.34077691
101.433601146
100.975811323
101.527003686
101.882608474
101.997837898
102.481245672
103.087768632
103.511433089
103.368030562
103.956346096
104.022289634
104.456157288
104.29161763
104.250253987
104.181404065
104.295649679
104.531789382
104.700133529
104.308585592
104.029629361
103.765069725
104.354620572
104.042161559
103.912053578
104.929881475
104.430747108
104.030186596
103.965742581
103.983009646
103.891642588
103.578257805
103.527788408
103.54477834
103.232609876
103.216517601
103.344073603
103.531123886
103.169338935
103.138850731
103.271395473
103.287691545
103.268725429
103.509761049
103.753268756
103.097873384
103.601282081
103.822469094
102.859820543
102.732537676
102.902943945
103.131430199
102.806527952
103.02482509
102.556903699
102.553987406
102.870935706
102.669984677
102.744178793
103.046272967
103.064984125
102.936848608
102.608920678
102.83581341
102.138179159
102.339360253
102.067012524
102.078229394
102.220241222
102.066370064
102.007118436
102.096373499
102.135379157
102.288297013
101.426263326
101.49250955
101.500732047
101.802438816
101.643444604
101.264493187
101.605075029
101.962873646
102.375893202
102.919753124
102.703387102
103.335366253
103.529141784
104.109669888
103.482289773
104.357330525
104.308806948
104.11833068
103.410856959
103.092780609
103.169393067
102.923938357
103.113027956
102.659459887
102.536942736
102.749637407
102.843847503
102.251362272
102.23552409
102.181822576
102.310755907
102.530210693
102.711418986
102.525574899
101.927673045
101.513814328
102.154159554
102.22118805
102.1541722
101.476312403
101.436037685
101.206796788
101.596729436
101.546004369
101.303547497
101.413200715
101.356790605
101.532655387
102.155058251
102.547132336
102.747636996
103.010901151
103.58920243
103.333620519
102.668931993
103.2114394
103.743151763
103.462156477
103.139545537
102.726359911
101.933681478
101.945231769
101.913851005
101.96030918
101.538900936
101.615586078
102.150593739
102.279457311
102.079649706
102.19571889
102.066908937
102.203104552
102.441739794
102.247369514
102.786072002
102.040039702
102.212308006
102.081567879
101.977150255
101.456108374
100.601335326
101.048258142
101.490113996
101.593329189
101.54404069
101.524826053
101.845813231
101.880325705
101.808794095
101.775609702
102.108700652
102.319509779
102.348379806
102.711723922
102.434560581
102.456019488
102.462347339
102.627534061
102.658404449
102.811749384
102.328649391
102.232115595
101.860098457
101.978686606
102.017979253
102.116729105
102.235077806
102.024676659
102.177316189
101.98846186
101.86916999
102.604128899
102.680613882
102.424022697
101.951558313
101.829404204
101.848278098
102.257954181
101.821411561
102.240170325
102.808592373
102.818479624
102.709616566
102.447695807
102.727061486
102.525449509
102.324297465
102.658300981
103.015056804
103.031009437
103.034924999
103.254864863
103.079709792
103.016228784
102.971324813
102.781485291
102.758168722
102.646388622
102.954405621
102.857077108
103.192182852
103.222134409
103.344836773
103.012029886
103.183307474
102.913870923
103.04185305
103.429357443
103.158772643
102.820207379
102.87612239
102.439991437
102.368938004
102.290498171
101.732053846
101.673785753
101.650177126
101.700091131
101.472742041
101.482829276
101.335490133
101.259012264
101.121310725
101.113477858
101.049527617
100.772109139
100.496100564
100.596376524
100.795330886
101.004235178
101.226263592
101.147386647
101.048249966
100.696088843
100.703274763
100.911779325
100.908086073
100.809689804
100.772027233
100.861294329
100.666522967
100.657482623
101.275142767
101.195025894
101.139509828
100.980814427
100.676993055
100.577130445
100.482234509
100.181354227
100.621013133
100.49320744
100.252179197
100.657700604
100.884875643
101.351991639
101.170278387
101.336701906
101.801591791
101.760664168
101.653734209
101.721234609
102.077726742
101.8788407
102.151642341
102.244680083
102.481700051
102.112544299
101.89916153
101.860235125
