99.5604434724
99.5382677585
99.7116745517
99.4874456558
99.4830760987
98.9872742833
99.165034407
99.5628430738
99.6039337699
99.6528046742
100.047821985
99.9152092394
100.47277022
100.644873264
101.16996421
101.529196843
100.739200621
100.620608959
100.379845227
100.044283383
99.8243530639
99.5198473698
99.8221436765
99.7037341451
99.3614843644
99.15315184
99.1562718831
99.41996977
99.2801224458
99.0740940077
99.8058716237
99.5266936875
99.5190564299
99.463296433
99.7408502032
99.4999020659
99.8212423441
99.9361443758
100.381496186
100.531324468
100.028395144
99.793979797
100.019914253
100.110976544
100.171709227
100.319759731
100.231718419
99.955694358
99.855668658
99.7053285929
99.6970259592
99.8651727693
99.9300811276
99.3095929363
99.6089390982
99.7876066401
99.8772706862
99.7168567515
99.104172832
99.2256588894
98.9667538965
98.7546236164
99.0926004836
99.4312202592
99.5052124262
99.8694481073
99.655202593
99.7356077666
100.195212476
100.307312372
100.504622195
100.233699977
100.306130225
100.292672293
100.085711316
100.542383867
100.614661817
100.454496154
100.532302418
100.962425953
101.072438142
101.184597999
100.987046225
100.583584916
100.78973621
100.485542129
100.331154699
100.347840421
100.292108889
100.350173082
100.097699214
100.417652861
100.423753629
100.762867288
100.814500354
100.507257798
100.68497818
100.559485948
100.579303701
100.77570146
101.099934015
101.337173786
101.391050412
101.149574935
101.370380115
101.18663966
100.517696232
100.478401335
100.750704091
100.522221141
100.668975305
100.524332385
100.523952958
100.648510875
100.221170002
99.9297002744
99.9303240298
99.891120265
100.488606883
100.52463374
99.9619196628
100.466399697
100.742797725
100.361321219
100.565695863
100.435725355
100.387439135
100.538448073
100.929112337
100.636386243
100.626981939
100.811424358
100.705293849
101.028021914
100.868074394
100.733781503
100.777087982
100.74739113
101.124498835
101.136529629
101.187441725
101.392892703
101.325982782
100.922608968
100.629374246
100.34709034
100.246871432
100.419064881
100.519962229
100.389630261
100.579546084
100.609006939
100.493214661
100.518739113
100.422346628
100.444224298
100.234406268
100.007270558
100.286683294
100.635244761
100.135321295
100.307723116
99.8734488894
99.6832483619
100.150621232
100.224125967
100.194608469
100.704678451
100.476663853
100.212722702
100.378615119
100.317405278
100.561955889
100.468425543
100.33720079
100.350337822
99.886174164
100.225783638
99.7667448402
99.7392579985
100.197200198
100.310296965
100.174045463
100.216134809
100.375920906
100.43909112
100.77011233
100.731403144
100.909518793
101.049467392
100.603346972
100.895404773
101.196914565
100.986970482
101.123045902
101.192909793
101.279471581
101.446479203
102.052667702
102.25962174
101.993644937
102.081142494
102.53261139
102.758481009
103.135604787
103.163644773
103.073969491
103.184185591
103.316060698
103.633646435
103.338201571
103.052649064
103.131770867
103.445608644
103.297896352
102.9869855
103.307175589
103.581199371
103.56877501
103.281057798
103.470803182
103.45890034
103.500639359
103.451589056
103.783151474
103.899956246
104.202182698
103.90002804
104.458639465
103.924054339
103.592084395
103.174511196
103.261426744
102.911077167
102.681316644
102.054576164
101.650584533
101.455536827
101.693915026
101.886229083
102.067697021
102.211482868
101.933340666
102.196217029
102.070532731
101.873221209
101.836857681
101.926909404
101.410709596
101.738584975
101.237635685
101.072783559
100.915190833
100.577262166
100.48431272
99.8302020487
99.0017211608
99.0859334148
98.9979898931
98.9945370066
99.8397017075
100.123573733
100.539596326
100.434431667
100.284690304
100.305852092
100.668768809
100.774212565
100.602600856
100.628743078
100.525221692
100.390464213
100.120761156
99.7820254036
99.6296209376
99.8494461955
99.8078742169
99.3516948777
99.5108797302
99.9883643968
100.016918482
99.9747873983
100.035877152
100.066200518
100.018914314
99.9545530783
99.8860274722
99.6265009659
99.4148708533
98.805433865
98.8081838693
99.1058881009
99.1487468679
99.0180245873
98.9621884152
98.5282478655
98.7418779889
99.3167723138
99.9271796606
99.8375966944
99.4351827361
99.4974965561
100.125554355
99.9668819244
100.308949764
100.507531546
100.405365416
100.512453427
100.034286826
99.3585571598
98.8018644011
99.1433651144
99.2532936754
99.5687013266
98.9210824141
98.6579964672
99.1061772371
98.5579018748
98.7406204507
98.4289565704
98.7620927057
98.837264629
98.4346992543
98.2559645543
98.0100932453
97.4860803778
97.1549263065
96.9331828017
97.2656697205
96.684032718
96.247118449
96.0394191138
95.5683100176
95.3628208985
95.5964896268
96.6130796021
96.8109689777
96.5146383186
96.6878070888
96.3713742767
96.1043304694
95.6522804645
95.2868039755
95.571179514
95.3454984213
94.9338931071
94.8658119733
94.785835377
94.4350314279
94.7656891938
94.1438037253
93.6764330122
93.8723403904
94.4618815254
94.7737280314
94.857929446
94.7284171827
94.2001295032
94.2728992957
93.9097495173
94.2501319621
94.5294623975
94.8590758569
95.0101484985
95.8147213241
95.684665466
95.3973930314
94.9741408308
94.9022551397
95.1369850764
94.8152011879
94.9454483207
94.6669089704
94.6743895622
95.0096143473
95.0295095287
95.0481570928
95.518149512
95.7218652469
96.4585527097
96.3599330402
96.3537343172
96.2041916059
96.0535747841
96.0406208114
95.8279866473
96.2058047397
95.9657194461
96.2460588544
96.3800903364
96.6589071276
96.6271629205
96.5622398574
96.9861019691
96.6220444996
96.8393858961
96.6603771268
96.9173247061
96.7435396889
96.543385002
96.3403146597
96.5673560595
97.1608476886
97.431216559
97.3504776703
97.5411359455
97.8105967338
97.9463480584
97.8525953817
97.6738890452
97.4999006312
97.4811276703
97.3787000952
98.2078611684
97.9600703178
97.970217481
97.5383927782
98.3475586544
97.8923838786
97.9620477455
97.9608325736
98.0756702104
97.946265771
98.017698176
98.5405942934
98.185448946
97.9564653094
98.0458954045
97.5121559056
97.4988251576
97.1700513447
97.1373323068
97.4713639482
97.427247713
97.619906342
97.7295637215
98.0742408787
97.0861921489
95.7593806173
95.9693520653
96.6850686028
98.0232646818
97.8681024521
98.3236427168
99.0379984192
99.2221452937
99.126380628
99.4376719259
98.7076409018
98.6378667111
98.6456661573
99.0655909506
98.4636688668
97.9878411421
97.8423043347
97.1189544374
96.9246069119
96.7055039871
96.2464137687
95.9662975736
95.5247044364
95.5040326271
95.1766552331
94.7370131899
94.0245027958
93.3212330272
94.2517409415
93.9914873463
93.5879807734
93.1295323395
94.6839701403
93.9583783344
93.6691618173
94.0605398752
93.6664861622
93.8373346854
93.9785524274
93.385999052
93.2083764206
94.3441768334
94.9780992903
95.0788272574
94.7488117943
95.038907757
95.4030096259
94.8015668627
94.0719516522
94.3029539321
94.0625156647
94.0477187193
94.4219916043
94.0422867499
94.2947939232
93.9071054568
93.4272219019
93.0339523001
92.3587917503
91.9367939877
92.1758793852
91.5643009521
91.8383713615
91.9397314006
91.7460792671
91.5981251942
92.0761591391
92.1256501541
92.670844428
92.4130337108
92.8672304087
93.2921215617
93.1730104717
93.5890244783
93.4072495205
92.7144940623
92.5464466497
92.0743782457
92.2038209937
91.8218796506
91.9291738874
92.093949462
91.5796927601
92.2498588743
92.0526729046
91.6792157249
91.6158683393
91.0769196309
89.3878431687
89.7868004737
89.4400289747
89.4162251666
90.6820742693
90.2891295693
90.3332605066
90.456627243
90.8026396851
91.4360964479
90.9192940533
90.717720198
90.8101784746
90.8190734903
90.9060427515
89.9705011979
90.3893658604
89.7048929
90.1713347985
89.9919087107
89.9815033073
89.7903965394
90.0814835131
89.3712633067
89.5897121188
90.3769362848
90.5523187375
90.2609586213
90.6865631267
91.564007768
92.1099201601
91.9047020121
91.5766742288
91.7109159175
92.0295852305
92.3695490113
92.6457638702
92.0256428985
92.2035529339
92.2043040879
92.6793958665
93.0034855469
93.8293394812
92.7277428742
92.5263334334
92.6195909967
92.6591443227
92.9748209611
93.6195272531
94.0063421931
93.9838978595
94.5006232818
94.3894695758
94.154848676
94.1050282098
93.6795679374
93.5288066267
93.1513552089
92.7300701273
93.3929457584
93.6113625021
93.9731519632
93.0796383296
93.7366103608
94.2148017745
94.6155108138
95.5735325641
94.8191565419
95.9648355648
95.6951825647
94.9235260918
94.6380374692
94.3897381718
93.8297117754
92.9367587458
92.9864190379
93.3573206159
93.4587035696
93.8663654583
93.4976429042
93.6785914246
94.2513567834
94.9208864113
94.9926219224
94.7337408024
94.7785996404
94.9180082139
94.966305333
95.8272824957
95.6750122048
95.7946894953
96.4053454774
96.9301251966
96.8611176582
97.200332124
97.3642253617
98.0770094378
98.1638584653
98.2839241243
98.4113471911
99.3063356539
99.6851513178
99.8591166416
99.4923459237
99.5706753217
99.9855716166
99.5910156429
99.377231073
99.2106215309
99.3825657823
99.0129047149
99.1820993836
98.9891485802
98.4637617209
97.9558934305
98.4999008065
98.1034272124
99.1219112007
99.7661157801
99.4824051169
99.5745027669
99.5603355724
99.5767700227
99.320857565
99.7998554012
99.3360438515
99.0959539748
98.5231408433
97.2684593361
97.4510046864
96.3753626643
96.4144535372
96.2411860321
96.1657595617
95.8917375554
95.91959711
95.7433248486
95.8799250762
95.3685837168
94.790831504
95.0210528285
95.1235212658
94.9779784685
94.7203013593
95.1057958957
96.000263347
95.4899139442
95.4530325792
95.6874244882
95.5369712113
95.7033702078
95.9350300458
96.744573939
96.9243114994
96.2907814776
96.8794865218
96.5390043808
96.6317125715
96.1991245312
95.9519832115
96.1436774553
96.0558271281
95.8840462401
95.4272046775
95.2365899791
95.370932468
95.1747083848
95.8139013627
95.9293530028
95.9282480423
96.1186262876
95.9832833198
95.6106606109
96.3219436979
96.2320704968
95.9934109289
95.5586859446
95.4474552594
95.4447723157
95.6057102888
95.6504289175
96.5710456005
95.7347752248
96.1303583006
96.5739344091
96.8993684815
97.1967972123
97.1766984726
96.6925755342
96.4745072968
96.7836492775
97.5231797254
97.7622900905
96.8456681716
97.0750790241
97.1656805185
97.8045019441
98.4357168441
98.8234802954
98.6530049707
98.7159067136
97.8031111808
97.819959129
97.7954075211
98.3549878009
98.3849172494
98.3507933614
98.1540887294
98.4125546532
98.3418052503
97.9250990284
98.2359735594
97.7644063202
97.8812934953
98.7473974154
97.9773330308
98.0183460837
98.0290240409
98.1513886343
98.5017854459
98.5680304878
98.1498095443
98.2896312118
97.9130514966
97.3216366194
97.4591139037
97.9272469447
97.4189286683
96.7310459309
96.7741467142
96.5736384418
96.6307066868
96.4239963958
96.2939580001
96.3837129568
95.8938642711
95.7887685751
95.621398405
95.7124518452
95.6476151972
95.5928327156
95.5620735797
95.4320226052
95.2017296751
95.5136342659
95.4075725865
95.6867033909
95.5185830958
95.9381533543
95.3122185489
95.0490233939
95.4232695933
95.6857231807
96.0210173774
95.5201023926
94.6085364882
94.4958235603
94.126676796
93.9529082814
93.7002945026
93.6259100181
94.0919395393
93.8579242028
94.0023929313
94.1329758996
93.3720406222
92.8773077713
92.7525008288
92.9735540245
92.8769085889
92.627656258
92.9193100181
92.8110772038
92.8859711183
92.832434874
92.7865509238
92.4739324592
92.7373011565
92.6127203697
92.5544141265
92.129221304
92.0494049297
91.9620057204
91.7733834806
91.8196414169
91.7891214014
92.3308946608
92.3697546854
91.8251889022
91.9282362613
91.9125948664
91.5765634218
91.2991862583
91.3875131237
91.56057457
91.426078582
91.4068064731
91.8191508655
91.4735323815
91.4336495608
91.389677124
91.229853208
91.3293812155
91.2925313704
90.8958133126
90.7779560339
91.1058649988
91.1860293738
90.876272619
90.9929276007
90.9497877017
91.1168199263
91.4455074203
91.8129983458
92.0268393392
92.1854172824
92.3382669471
92.7017023339
92.1068986477
92.1494616034
92.1043644111
91.6135100748
91.3189082296
91.1723077046
91.3999772748
91.5274957328
91.4380483849
91.4664742471
91.2340839113
91.4571849043
91.4912145477
91.8500069788
91.9714108406
92.2134780179
92.0121428211
91.4777392144
91.436143765
91.6387915141
92.2598055122
92.4103420629
92.449986957
92.3230650243
92.274193542
92.4230824363
92.2517255514
92.0700314063
92.2375095842
91.8731215003
92.0506120354
91.937929044
92.2715954921
92.120017313
92.2158481521
91.9540636775
91.8198674641
91.7614189316
91.8422361082
91.9072849655
92.0499759763
92.2335649184
92.2316913982
92.0858083112
91.7746631621
91.7263862037
91.6637177734
91.8362398902
91.963819504
92.2042508236
92.1328021543
92.2041330479
92.3892958091
92.1387630003
92.0679200895
92.3255894365
92.0073752137
92.0776161712
92.4179256982
92.2988430325
92.9686429537
92.8924003043
93.4180300724
93.7782548272
93.9530097
94.1687456151
94.0475526052
94.5369266622
93.9962803216
94.1681113673
94.147221673
94.1295384682
93.3982064015
93.1154144195
93.3311837933
93.584200935
93.783344901
93.5907292231
94.2744669132
94.5089641321
94.2505118453
93.7858555922
93.2861003553
93.7560017383
93.864750216
94.3449466744
94.3637566798
94.5594430835
94.9696677041
95.3766306543
95.4144081961
95.0283721711
95.0646417017
95.4755852257
95.3768145045
95.7004732793
95.6738914497
95.1990256328
95.2834627462
95.299121904
95.163407094
95.209775499
95.4693009342
94.9061879533
94.459539344
94.0161600865
93.9632371737
93.799011694
93.5214194665
93.4785641737
93.7790257503
93.8197973733
94.0308172732
94.0576366524
94.1483902203
94.1879463674
94.4077231197
94.2002778867
94.1659719534
94.1514730849
94.6335020289
94.2103314373
94.4462203783
94.8151723892
94.7568767974
94.479360286
94.231938397
94.3451673038
94.2727258503
94.5239682465
94.760308117
94.866819615
94.8363294752
94.76696154
94.7797692765
95.3928363572
95.0643371944
94.8186226632
94.5170101475
94.4859245111
95.0848126497
95.539814641
95.1423390884
95.271635995
94.9839914466
95.4285835501
95.7910070091
95.1679449795
95.2570336613
95.2099689268
95.4410270531
95.6528278157
95.8621808397
96.0518941135
96.7399265749
96.5348646709
96.8505287492
96.9525126626
97.0558293488
97.082559761
97.4372264834
97.5301554575
97.1428543254
97.1385241371
97.2821420903
97.7698789516
97.7379861549
97.6994033304
98.4470207837
98.6493953098
98.3260744939
98.3031554388
97.7884001273
98.0795867692
97.7837811714
97.9825554289
98.0760001105
97.7913373094
97.6929678189
98.0731118268
98.1140377171
98.4038554243
98.9058288325
99.2837787956
99.2865468312
98.8328427467
98.2883222367
98.1139381828
98.1476925823
98.0196060038
97.7272789523
97.7178286643
97.7390600557
98.0933515106
97.9064112244
97.7486952104
97.5290108077
98.1191159032
98.0713094994
98.3819029707
98.0779006846
98.1339674418
98.4433251837
98.493869961
98.5533868313
98.4796843244
98.782059176
98.7221744636
98.3605379712
98.4330995583
98.0944363553
98.1161581655
98.1194836842
98.2156578252
98.0146497211
97.5152345653
97.4135802783
97.286036985
97.5004400214
97.7619701378
97.7218552319
97.9413745401
98.1750733628
98.1921067458
98.1081441126
97.9989119563
98.264693539
97.9321972936
97.9510787416
98.3654769282
97.8452693223
98.1932862378
98.7906527234
98.6584505104
98.482054868
97.8474223753
98.3013941509
97.8838342916
98.056068754
98.2646112313
97.9241846907
98.129536494
98.2352381447
98.2985894102
98.5345520423
98.2894888293
98.6343883903
98.3019878037
98.3078284343
98.0964756937
97.7246740707
97.3715904466
97.1174324622
97.1387491219
97.0168986106
96.4027733468
96.5327387592
96.782661553
96.4628297
96.0413919188
96.7642201706
96.7693024289
96.3702065582
95.8583285189
95.8636644698
96.1175627686
96.0240452564
96.825909815
96.9106007983
96.426935776
96.4696551578
96.5554601939
97.1062128003
97.1012248641
97.3872373918
97.104355355
97.5490684849
98.1552479935
98.9393540868
98.8567672591
99.1531063
99.1709702147
99.8032806221
100.150685843
100.235211735
100.969404669
100.862629908
100.86622884
101.630097129
102.188277039
102.001298041
102.010361328
102.162668002
101.67799146
101.989800228
102.185944299
102.138785
101.995530867
101.785697009
101.409053143
100.517841475
100.187897373
100.54519694
100.57403246
100.936778664
100.9101239
101.093551845
101.168579807
101.648764117
101.2049517
101.594759608
101.953066689
101.948579897
101.725855801
102.047500522
102.57211723
102.403921372
102.579676516
101.978290861
102.287210522
102.253393331
102.56807437
102.323607776
102.701370647
102.860337962
102.801098681
102.735751629
101.876641897
101.144817782
102.166172825
102.688223323
103.199756408
104.145608156
104.641160324
104.478561913
104.146364354
104.28174391
103.984167658
104.089669204
104.176178942
103.478944808
103.84680058
104.495034591
104.215213222
104.38249048
103.640902453
103.05025485
102.867989311
102.511339172
102.742688416
102.831338525
102.95373142
103.226046821
103.655506306
103.60171555
104.216504214
104.340668901
104.391329536
104.324999115
103.727183094
103.710766737
103.48531371
103.993600249
103.685849629
104.243019054
103.384224653
102.997769197
102.628071508
102.695017945
102.407051953
103.411227386
103.564972821
103.864880603
104.041226063
104.803102262
104.845365503
104.672856745
104.442571815
104.818340178
104.497994333
105.152545654
104.884040501
104.776591758
104.840902368
104.575790958
104.630664413
104.968068662
105.180381656
105.330852535
105.43580039
105.488793904
105.529077582
105.262284998
105.15724119
105.198630986
104.942824208
105.660552122
105.501261311
105.071027322
104.821428147
104.857707043
104.791129517
104.485963932
104.247210372
104.034427325
103.948499424
103.998504378
104.418183283
104.058289433
103.740145731
103.488006984
103.476559614
103.488780605
103.134490281
102.924032153
102.818313283
102.606768289
102.688061606
102.861913194
102.952951136
103.341689931
103.18637646
102.73467347
102.386951635
102.271493569
102.366682195
102.380884684
102.244691083
102.42341743
102.511429669
102.573768684
102.464679755
102.389818222
102.613843848
102.425979654
102.544838914
102.587049598
102.761434936
102.302939166
102.284454305
102.160589812
102.115126826
102.339374166
102.379443213
102.551509082
102.194746501
102.430437866
102.581222725
102.719430928
103.122517569
102.704744928
103.170113015
103.038007851
103.238214574
103.508012398
103.286129246
103.731379092
103.582581587
104.008118913
104.159069726
103.918447083
104.099243659
103.930593835
104.231582497
104.373680558
104.207563873
104.09535865
104.304472031
104.542426724
104.534365184
104.494222684
104.183195253
104.403912191
104.379458659
104.203052054
104.218906952
104.457844637
104.340163878
104.112266235
104.261472852
104.232400081
104.363786367
104.605636244
104.23023221
104.51598322
105.002462027
103.095797079
103.637616724
103.515544149
104.181630035
100.717054968
101.496146652
102.237146945
101.524286398
102.112752632
102.051067139
102.046494046
101.046073568
100.544562799
100.383535645
100.343136983
99.1855327308
99.231818409
98.7045326357
98.5083426295
98.254283142
98.0851728187
98.8412720832
98.7791112162
98.92566261
98.8201445381
99.594092958
99.9589139745
99.5668321005
99.4903695901
99.0073419128
99.3611865077
99.1220239079
99.1717990009
99.4643180336
99.4325518698
99.6674959547
99.8365322171
99.6788845758
99.1512130738
99.6739631513
99.3638170618
99.2904242926
98.1207342527
97.4406252901
97.9013025373
98.8028106105
98.0300877838
98.3341918034
98.9304993152
98.9601861156
99.904161377
100.163226866
100.148844187
100.325426182
100.942695031
100.393891517
100.052558727
99.7477070207
100.385828648
100.185165635
100.381457315
100.202740385
100.944250541
100.991137928
101.903516767
101.517175037
101.042889524
101.009600305
101.003549501
101.443257735
101.633435057
101.638683321
101.088531712
100.676220612
100.091000481
100.358570086
99.7333382294
99.0562727953
99.5277549248
100.642249835
100.235567644
100.35183633
101.29383424
101.388473337
101.672985831
101.579786171
101.456340736
100.642869075
101.897163224
101.717811234
101.440715087
100.375874746
100.734326045
100.947760905
101.320567849
102.060001285
102.348798777
102.639333981
102.763077562
102.92185679
103.081153964
103.635756756
102.469514683
102.638110819
102.919377024
102.874011098
102.61243459
101.970722981
102.601237375
102.022230335
101.6590934
102.023242721
101.828311373
101.490210193
101.217487471
101.424660739
102.310002265
102.275432882
102.285822187
102.259353289
101.974336285
102.090792391
101.903990606
101.792839927
101.540962687
101.842273442
102.131582001
102.053195182
101.849205627
102.012766845
101.938151777
101.833950359
101.484226734
101.430965152
101.348481239
101.831985844
101.969205537
101.466618487
101.836921887
101.762675022
102.470909481
103.094082901
102.968381665
103.117877391
103.354397095
103.644614779
103.553249654
103.241509544
103.066665441
102.92754806
102.240492103
102.47834068
102.64209416
102.216722135
102.124922439
102.257751845
102.416314265
102.071754685
102.076583784
102.262156433
102.780813923
102.609677124
102.537603942
102.166350461
102.194754331
102.283882485
102.543951644
102.41652908
102.073176561
102.323978012
102.148762448
102.428256992
101.761454613
101.000282846
100.976554567
101.275156873
101.687602041
101.745595307
101.977856892
101.701496725
101.855147437
101.549723308
101.681274175
101.550359827
102.000957369
101.730451824
101.661068445
101.753055459
101.292698396
101.844488925
102.200070163
102.314521802
102.798288256
103.405538637
103.829355382
103.684360357
104.273317672
104.338302957
104.772324531
104.606124548
104.563474345
104.49325652
104.606681809
104.842360811
105.010038335
104.616169036
104.335230937
104.068737794
104.658851077
104.344321748
104.212677981
105.232281267
104.730544754
104.327675118
104.261888345
104.278045944
104.185262025
103.869837435
103.818072424
103.833956277
103.519765768
103.502478697
103.62923665
103.815649557
103.451720874
103.420000105
103.551755573
103.566945135
103.546777215
103.787308627
104.030313368
103.372019358
103.875612482
104.096228554
103.129895794
103.001134261
103.170839712
103.398771922
103.0718822
103.289595117
102.819328742
102.815262588
103.131872457
102.929268041
103.002505049
103.304210938
103.321820905
103.192219489
102.862335099
103.088642754
102.388155666
102.588689257
102.314541174
102.324648299
102.465864431
102.310486749
102.249957289
102.338287735
102.376248296
102.528387572
101.663200927
101.728471583
101.735582795
102.036853899
101.876361614
101.495414093
101.835641076
102.193116137
102.60592826
103.149864101
102.931870628
103.56410502
103.757156621
104.337803977
103.707896776
104.583683202
104.533892882
104.341846229
103.631702271
103.311798719
103.387425183
103.140305733
103.328644735
102.872985184
102.749071542
102.961062218
103.054321113
102.459484895
102.44247622
102.387528354
102.515582177
102.734334813
102.914760364
102.727406933
102.127193295
101.71139433
102.351848634
102.417868861
102.349586844
101.669300678
101.62782016
101.397019203
101.786553778
101.734603545
101.490568684
101.599295451
101.541653581
101.716708927
102.339102946
102.730741942
102.930461925
103.193047925
103.771218753
103.514037597
102.847045796
103.389345588
103.920819785
103.63819173
103.313883947
102.89885658
102.103712601
102.11414755
102.081580544
102.12698043
101.703753275
101.77943203
102.314165512
102.442097179
102.240835833
102.355950998
102.225803236
102.361073525
102.598937615
102.403131254
102.941510591
102.193214614
102.364604123
102.232533271
102.126826478
101.603890903
100.746753365
101.193197827
101.634558183
101.736789861
101.686301907
101.665930723
101.986230839
102.019657339
101.946895152
101.912533377
102.24493639
102.454888389
102.482657911
102.845335993
102.566672469
102.587019189
102.592215211
102.756469558
102.786236654
102.938628768
102.453794202
102.356005053
101.982403943
102.100000033
102.138204548
102.235934812
102.353284402
102.141505072
102.293182793
102.102979824
101.982420862
102.717055539
102.792482557
102.534472542
102.060364661
101.936947546
101.954708537
102.363675347
101.925548887
102.343598777
102.911452387
102.920205966
102.810092861
102.546776461
102.825269814
102.622324839
102.419844724
102.753018416
103.108957738
103.123779085
103.126552316
103.345539479
103.169084263
103.104402605
103.0583151
102.867172226
102.842693516
102.729680023
103.0368021
102.938251928
103.272474659
103.301301722
103.422949044
103.088745171
103.259002984
102.988224454
103.115153316
103.501783339
103.229862059
102.889920252
102.944729338
102.507168559
102.43493036
102.355302672
101.795373488
101.735938723
101.711185533
101.759998823
101.531387676
101.540352509
101.391803269
101.314157181
101.175256475
101.166295353
101.101188354
100.822507792
100.545244003
100.644450721
100.842379685
101.050258701
101.271263041
101.191226679
101.090923791
100.737494635
100.74356413
100.951030426
100.946214108
100.846660135
100.807863658
100.896041425
100.700084068
100.689921927
101.306655491
101.225388956
101.168732129
101.008868549
100.703843833
100.602836774
100.506799835
100.204732603
100.643375842
100.514424912
100.272231638
100.676715521
100.902812326
101.368885046
101.186017209
101.351340487
101.815166241
101.773102342
101.665029696
101.731407241
102.086800721
101.886764918
102.158452677
102.250360501
102.486254895
102.115948108
101.901425981
101.861366911
