1.94785091975
2.06539975007
1.99293049702
2.15645469195
2.21782036985
2.39436554567
2.18261247334
2.06055523884
1.90835432435
1.98117280331
1.83284889076
2.04791319473
1.92145981918
1.68125574026
1.43630257482
1.3281933207
1.66385358198
1.61685595845
1.66442349607
1.640659286
1.80076210394
1.73885511134
1.69481512462
1.5888694016
1.71282436462
1.70330895907
1.73666572697
1.86887010636
1.92092042181
2.0182859428
1.85361444243
1.85429576287
1.77164867537
1.70771105213
1.7766399283
1.88817907337
1.66084421188
1.80275423958
1.60090679408
1.59958040918
1.70024577251
1.89874902578
1.87984467068
1.94008395666
1.85152132142
1.7510518257
1.61642821069
1.66163917372
1.61982651659
1.7722403289
1.75996491377
1.76098926954
1.76084138656
2.04890191875
2.06930802914
1.95622710835
2.0009175287
1.99113795142
2.21208328413
2.13983831874
2.05659047116
2.1209771821
1.93897822382
1.83124459264
1.78926537039
1.75378836206
1.84020758066
1.69577713799
1.61791280126
1.46808935757
1.32041447425
1.46477375247
1.36190307657
1.33715453373
1.36168268036
1.33724457643
1.22910736632
1.34071004662
1.33253637131
1.22436811156
1.16061396556
1.13838291821
1.08622257104
1.12418644152
1.06406774846
1.04045886706
1.19129371202
1.20836293103
1.21490954752
1.31419494145
1.41106697791
1.39150473467
1.41364224068
1.30553604685
1.21278074282
1.29622158953
1.30952692789
1.22294846479
1.19327853586
1.24259825398
1.07372825782
1.05688353911
1.08079465081
1.1705930436
1.10421132233
1.07432447353
1.22922695331
1.20826084759
1.14170661052
1.1028836801
1.02876877864
0.840058543187
0.850612467449
0.827499761204
0.790972380449
0.81271058791
0.813524614604
0.868214149301
0.700161536747
0.706958656401
0.738850024494
0.65404851489
0.690474556099
0.855218016427
0.793671548956
0.800564880088
0.870125681559
0.769861871537
0.600067832159
0.576184329316
0.619159299112
0.543853905824
0.586277751208
0.54484518387
0.552027739842
0.574033595196
0.619410636947
0.540179085349
0.382440906189
0.389244027187
0.435312974878
0.328551785666
0.314056608854
0.365162128051
0.406370054019
0.433669248654
0.44309199093
0.499823055234
0.544798158707
0.612473180041
0.530083045852
0.545512531985
0.605086072409
0.661181598103
0.655407486897
0.670309564926
0.698125516688
0.789106656612
0.738081333842
0.667744134338
0.787513108349
0.936689376733
0.916978485088
1.08722318979
0.975025324441
0.917079749802
1.00226407063
0.848126105488
0.85039145797
0.878452670427
0.766812893553
0.724653758854
0.715561121172
0.684627202848
0.780413197358
0.806277564534
0.841264901202
0.874713442765
0.94539609926
0.991444483649
1.01338273353
0.918318947928
0.815708873364
0.766243981184
0.693590875144
0.647915445903
0.561885672715
0.603897013669
0.53874462961
0.53745084684
0.650788724256
0.612375160551
0.648370523851
0.709057885813
0.598472280137
0.646277428915
0.67346111967
0.614697206229
0.572412966779
0.484687440483
0.370379578712
0.368785471895
0.355412440761
0.278257102503
0.248528173762
0.267464833531
0.282442301697
0.281892179109
0.291830358304
0.257042622682
0.29100605226
0.373736385665
0.379859427013
0.36412616834
0.324850143288
0.407203163382
0.357333945771
0.363986503913
0.449569339888
0.423575644171
0.428080210458
0.446272652179
0.434861900958
0.438135884822
0.36705076864
0.410528279534
0.471928146919
0.514051523954
0.519386539426
0.519772565788
0.501415009921
0.57595809096
0.527696801744
0.578105578843
0.598657196799
0.63524124176
0.726382522486
0.684632202355
0.610381809108
0.525593728013
0.400422354122
0.421503011013
0.559373177566
0.565636394631
0.5593286363
0.641999084659
0.661406864073
0.663702444423
0.694692425228
0.632698203409
0.69675097717
0.834026418174
0.814254170524
0.832353307455
0.87866740473
1.06772406424
1.16331886879
1.027851959
1.11690360018
1.07317349848
0.973311281196
0.934121386198
0.803882509497
0.761923095798
0.704774767886
0.680725590585
0.580908978991
0.574772549376
0.610258042298
0.565813674747
0.559900159051
0.551133966328
0.605794125553
0.702209237483
0.814687129381
0.811571848935
0.784439509466
0.850902029643
0.813318299592
0.680513719141
0.702399149273
0.630600792002
0.713981470342
0.720826240146
0.725362336967
0.741042802268
0.807349271282
0.855840035868
0.921287864115
1.03658617372
1.02294282136
0.84885523385
0.877245625495
0.838488202876
0.816401289239
0.963733850985
0.964314763967
0.932421334208
0.85737478298
0.902539627359
1.03382274678
1.08919325169
0.909673872067
0.938494460783
0.815460051383
0.79400816075
0.765729435304
0.712972844179
0.796617869805
0.961942430286
1.12945136328
1.01943074694
0.973544485253
0.903815697055
1.0620869828
1.09440787298
0.994133387836
1.06161272643
1.07831904013
1.23282650876
1.11524009675
0.949008656507
1.06846032434
1.00900360554
1.12039394122
1.31288261822
1.3766993225
1.32684930689
1.26243482444
1.51665775577
1.70684295369
1.7866407342
2.00054961158
2.11526609207
1.96048618675
1.53916593646
1.36571185224
1.48241875069
1.37604314955
1.51385072883
1.59042646647
1.79948771588
1.98014608823
1.78811418398
1.80783847507
1.97792092935
2.00647322176
2.08353944201
2.24306131857
2.05288411565
2.25855841068
2.49241826807
2.32313901665
2.01507834276
1.86120279145
1.80167979957
1.80815071283
2.10296317669
2.04801816833
2.22645305999
1.97412238657
1.75900699571
1.54392911955
1.45099456333
1.09362699067
1.17511845369
1.321812138
1.51340924891
1.54461401895
1.49333848141
1.60360126071
1.53316391934
1.67720122035
1.67352303303
1.51014240427
1.49940727352
1.51191033792
1.3817217294
1.31666306549
1.00513549077
1.03209245888
1.02359080311
1.01854638871
0.984522464517
0.97044492425
1.02623498085
0.909580151067
0.948858519681
0.839509203118
0.767633592371
0.682492472059
0.700078681981
0.67235768546
0.600445959335
0.646771226854
0.561467865886
0.651769554156
0.576793160716
0.648412689161
0.719851037544
0.759413313087
0.661756128045
0.457606502668
0.411650088466
0.415053748295
0.385218082206
0.351471562138
0.356780983109
0.352798610948
0.395914347842
0.396292627862
0.388444714851
0.39946268537
0.23683480536
0.255726539935
0.255000551546
0.318283995083
0.173061889317
0.24206231016
0.197236509347
0.205670306097
0.173985884944
0.174710439715
0.156028223832
0.0877804581951
0.1185264819
0.139097404911
0.13839696108
0.202011909952
0.202124934751
0.222516337492
0.213092554781
0.153501181471
0.125441693084
0.0913408154317
0.0578259087167
0.0521634015157
0.185216675303
0.540555161792
0.429687443127
0.203206545392
0.0292216919797
0.0334511993176
0.0108427327367
0.00114431654788
0.000269307527546
8.32115719618e-05
1.33741627906e-06
5.809263115e-07
1.95399252334e-11
2.61430852852
2.31715336911
2.54918533633
2.74457335443
2.71115004615
2.94398697977
2.92606165385
2.8530461956
3.27513996622
3.46034070597
3.58450513422
3.49441591563
3.68632085752
3.89500399002
4.22058357754
4.52461166482
4.0623946246
4.33680570008
4.54882271171
4.72453996595
3.8043178675
4.25878154043
4.41215140155
4.18961485745
4.49174812786
4.31201239003
4.22206222587
4.48005270738
4.63878519095
3.98991176037
3.8060086541
3.73209840003
3.71057330184
3.58470164736
3.37852012832
3.81694739841
4.07491038107
3.84009989465
3.96168250709
4.05052851375
3.84963538627
4.03579823207
3.87925292081
4.00724766303
4.13991152967
4.38066896745
4.72266659112
4.70903308611
4.59393062178
4.87023988858
4.5646918195
4.4615669927
4.58831330464
4.62355758365
4.44212084965
4.20337483414
4.07985147694
4.25699368033
4.15285877077
3.96405830857
4.03594491268
3.97674062834
3.98709861535
4.21440096589
4.4008825114
4.84130408188
4.87878595565
5.21382042818
5.10228843022
5.00153115749
5.32317364365
4.89257601619
5.07917225822
5.36342751651
5.48902608979
6.02143837513
7.09159859487
6.82609571491
7.18011692081
7.10112209596
6.30559468907
6.57927819661
6.56215585182
6.51842909973
6.26871041752
5.83453702425
6.17265004631
6.30122350083
6.24406000956
6.33711034865
6.40326977206
7.0265555197
6.8575301313
7.29252326156
7.07392117236
7.0343615628
7.05902264773
7.24318663409
7.06198510169
7.50715919839
7.34757367438
6.91348089695
6.7326445845
6.88644437479
6.6138298099
6.09387965315
5.83455905429
6.06197162825
6.26942436682
6.11402080904
5.9772641266
5.78335528473
5.54865621653
5.92143475344
5.81031464794
5.85135343007
5.56213279349
5.49019922446
4.890939681
5.57069271595
5.58606353761
5.60259314055
5.58050069139
5.30098121337
4.87673638504
4.759922209
4.80579183003
4.38905553462
4.48680570785
4.7111461091
4.81395714672
5.17561272028
5.20631546579
5.30309492952
5.62589042211
5.24697281275
5.02943266988
4.88552423973
5.32353749277
4.80003870231
4.5765585548
4.43330676534
3.96940606573
4.2427881293
3.618100268
3.7370565439
4.21599739206
4.32267099371
4.45555309922
4.80030197903
5.27189083608
5.22531861025
5.14725445313
5.13888278298
4.83941362633
4.95808027092
4.82685002584
4.45668506124
4.04198805181
3.84259541225
3.95046013375
3.88864878984
3.89268735093
3.89377819239
3.47721362077
3.48065320384
3.46938917771
3.09434159349
2.85948396135
2.84385308408
2.78234251635
2.80643296292
2.51233991637
2.4594407202
2.51487077884
2.45806281297
2.10766838167
1.94054883024
1.86515232506
1.99192668358
1.98700343514
1.84372742928
1.85785220155
1.8689608662
1.9399652096
1.85923537626
1.88305501035
1.81418491242
1.85893727896
2.06076935029
2.19306829598
2.033487258
2.20377443984
1.83733302337
1.6687949175
1.78831109031
1.8199965938
1.94778174647
1.91183827553
1.9842035209
1.73424659668
1.89962203702
2.00332000803
2.29333101814
2.84162477819
2.80048629357
3.19121800947
3.1097673507
3.25543523532
3.20240706222
3.27226946209
3.19098932306
3.16598523365
2.97435537142
3.3113802806
3.52600844636
3.24043270302
3.1109910918
3.1155337916
3.2988790412
3.01491092214
2.52629765438
2.66930269963
2.79443383823
2.67731445631
2.77640752737
2.6847391398
2.59721353777
2.2389707567
2.19210953648
2.52158401972
2.31730776931
2.47645854146
2.42802323551
2.55982258239
2.66082451644
2.5574625527
2.54001689825
2.63093466274
2.85287904858
2.86895025309
2.76182834127
2.65143834809
2.3935713193
2.35215124279
2.32635765772
2.24754676695
2.18104335494
2.27607878991
1.95314921303
2.04232733402
2.31073307248
2.61039257173
2.64793071816
2.63976917367
2.64571633891
2.60016782044
2.16547407587
2.56008983527
2.43499159769
2.18539539857
2.01994415955
1.86716500889
1.85401925907
2.06866717847
2.1888964877
2.14029700199
1.74354042869
1.7086972856
2.05967753463
1.92090678091
1.7538385393
1.5952182736
1.42028726187
1.40150761994
1.30232142224
1.33401584813
1.61126921258
1.55670584575
1.55018910132
1.3630513019
1.33067523165
1.38516311957
1.35865185127
1.32940784904
1.37152589323
1.55050934299
1.52677946218
1.69081308286
1.58667646621
1.37669309961
1.64418535692
1.63514982062
1.53197408333
1.50549903005
1.38608992873
1.3428752928
1.44012997564
1.33054172253
1.3594045602
1.60199499661
1.55066255874
1.37493892429
1.51999238426
1.71638074263
1.6738807613
1.63810844844
1.58934173466
1.65556471424
1.70686498984
1.70989776239
1.88477106133
1.88436966343
1.91640933401
1.91370072585
1.85731679822
1.85754184106
1.86540448249
1.95414835913
1.99502464077
1.87468497328
1.97273705308
1.83027579816
1.94078422323
1.80677220351
2.08915333647
2.08488862978
1.96102543515
1.73366157368
1.67288880489
1.94327252302
2.43448172028
2.46209456997
2.64134781826
2.61842300341
2.73534515954
2.83911435015
2.60776310982
2.68304799593
2.6247381745
2.56826774494
3.00935343514
3.30028542457
3.33063789147
3.11687541383
3.12994019865
3.15176375275
2.98042766452
2.94631282269
2.85220165081
2.89485110091
2.93426096766
3.1488077451
2.94376440257
3.05711370792
3.04987715831
3.30054162824
3.37796524396
3.50152731703
3.69446653417
3.67214242712
3.6663842029
3.30985802961
3.19998578808
3.64140938027
3.57954572724
3.58770685882
3.79753892898
4.00062066956
3.87434492148
3.69630211215
3.7795595047
3.73285499437
3.3782391512
3.61657213713
3.6599509871
3.61603617079
3.72983114273
3.65837589609
3.74494071807
4.11890564333
4.21875049284
3.93585132202
3.87265902336
4.12002716205
4.01734284198
4.02215210652
3.88625991371
3.63544914375
3.3093050807
3.14139247859
3.03720883688
2.9021957509
2.62817076839
3.07705363359
3.05440161343
3.07662557082
3.45789986802
3.66941305636
3.78857748697
3.6067112665
3.51936237289
3.59856659617
3.5711958906
3.7748410056
3.57285546954
3.53925143642
3.23950878062
3.10523285116
2.91767570738
3.0696459331
3.50248200148
3.52779877896
3.3641029337
2.82318285942
2.68547460583
2.65983457435
2.75252975564
2.77172096093
2.64479754101
2.78716324098
2.94058624197
2.78006115798
3.07565948285
2.92123798879
3.00311236779
2.69422721873
2.82671778527
2.73958010505
2.98535744925
3.12051783745
3.18096839091
3.09966650203
3.04368871894
2.91786291215
2.7472649463
2.73867681878
2.87385922879
3.17597741301
3.22607017194
3.29048582228
3.12246856167
2.99926405294
2.76653823817
2.83855273441
2.77123562069
2.5904191017
2.8455249395
2.92152774296
2.6691329444
4.76242706267
4.77749344657
4.65380524078
4.64735122198
4.35889384704
4.44200127836
4.36684013505
4.16344794556
4.13346035792
3.78372167842
3.86794153542
3.58236349965
3.88748595383
3.90673018709
3.91153731742
3.87490443063
4.31279881402
4.30304480312
4.17373433941
4.08149559556
3.84898279748
3.92154804286
3.6179446054
3.528868221
3.6535418703
3.78570893835
3.98487087763
3.81028537171
3.88383719928
3.73983591573
3.72509960011
3.75684631094
3.53446827257
3.44230924216
3.41436960864
3.45638247578
3.40359939989
3.33171686635
3.5002841659
3.39374356323
3.32969272427
3.39639032144
3.30685715402
3.17507272219
3.06209494465
3.14971186737
3.00230354571
3.34009654224
3.54587670386
3.62681950029
3.54108622764
3.5574215913
3.83949577596
3.82861880338
3.59670983646
3.54553729318
3.31595415851
3.22596870573
3.11411490001
3.15206194867
3.05053568442
3.11429731404
3.24537777083
3.21665501983
3.12889136123
3.42735406553
3.368208616
3.16670863974
3.21199558353
3.12665097299
3.32656552357
3.33449507025
3.23577196669
3.1937208492
3.06330000734
3.09983309431
3.12213652617
3.2507340387
3.33207848514
3.20121227203
3.36251728525
3.37864408007
3.57228102683
3.56438196704
3.35404240806
2.99541488675
3.06378442594
3.27363072764
3.34874701842
3.18542757201
3.0369645259
3.2025596328
3.06862422039
3.13851524842
3.07364552712
3.02352052724
2.84280734625
2.82920830174
2.73613994498
2.82627091149
2.64755012815
2.4658699445
2.4002950548
2.54442453989
2.41989857214
2.24926656549
2.1947133643
1.98323633516
2.02335950212
1.8542304409
1.85885302914
1.9506423472
1.89858144679
1.8266361608
1.86653924893
1.83342901381
2.00010061543
2.06245140567
2.18556758474
2.07782880988
2.09485835645
2.09342194542
1.96633824308
1.74357131736
1.82622385392
1.69942794694
1.39685174916
1.37473378314
1.29564293993
1.31866544361
1.46170872732
1.46956440358
1.50303901084
1.63112638874
1.62158364488
1.62653052471
1.69627755827
1.70483669409
1.8332186093
2.06622493998
2.23442428745
2.01604603054
1.90670104686
1.6759234498
1.85624443997
1.83953804189
1.74406913345
1.74041342062
1.65896150169
1.729650999
1.60677957663
1.49420560123
1.62529978912
1.46719940038
1.53701018015
1.5461167247
1.45189813924
1.4333783584
1.42871733169
1.60737988807
1.73411540317
1.59323039358
1.48235114086
1.31139769139
1.36330569067
1.26454064194
1.09442608384
1.19809377735
1.2138264114
1.4138121162
1.30449612274
1.48037488236
1.60303503767
1.45264730119
1.58394652481
1.44240936907
1.23946111974
1.2940525868
1.36960297214
1.60773096676
1.45977698959
1.60909142871
1.38127145259
1.44319843039
1.43195716893
1.31604272366
1.25213683504
1.24457040235
1.3936754014
1.47912965383
1.3204521203
1.51570955847
1.59778046113
1.6394951119
1.90494856925
2.18982221289
1.93891979658
1.82330803985
1.82060466953
2.06627049427
2.11258934389
2.16181525313
2.54327260675
2.80357913102
2.4235718887
2.32522783462
2.53325091869
2.80236890049
2.70643369818
2.60655059208
2.62735979656
2.27071421709
2.34706123102
2.53869436758
2.44806443648
2.43778862183
2.22181597576
2.20426717362
2.083392808
1.95639247129
1.8301177685
1.61224384225
1.4148010251
1.39349532652
1.39473102978
1.33549420168
1.18423406995
1.08717847
1.02361908917
0.891475539059
0.915419688194
0.908827215737
0.788260619941
0.797405281075
0.791581434434
0.765697573717
0.772519537393
0.94654483592
0.889255870748
0.879279244529
0.837653225076
0.785594811347
0.816358943344
0.969255782005
1.03887516026
1.12845437926
1.02253358812
0.950804026137
0.894927910657
0.818188287119
0.715681436704
0.728891808422
0.620385628803
0.727469577805
0.745013223718
0.710929992195
0.78022293217
0.808347546235
0.725518431199
0.683216809127
0.697535457577
0.68197047188
0.777069634277
0.670100405596
0.615496480363
0.568864815648
0.565097277545
0.565760792612
0.545084668187
0.611064287484
0.662414380265
0.877681076519
1.0323697587
0.858918486793
0.795851400363
0.727714002806
0.573130489239
0.504746945603
0.461142669856
0.449171285925
0.40759861951
0.381622613001
0.378897953614
0.393425887155
0.506710639108
0.471556430364
0.398538213525
0.389309469799
0.384859599342
0.476530141675
0.500015390079
0.50634279534
0.545685540402
0.533089969752
0.541731585621
0.552346334981
0.497719951458
0.442892044062
0.365912758409
0.344168626402
0.324966558085
0.295219257894
0.312498858064
0.324107406495
0.335974317061
0.340201082024
0.342036344921
0.361387189652
0.31144764295
0.413496889915
0.450549889144
0.472372453987
0.427704225755
0.453977705045
0.32627532856
0.293061224152
0.25839434663
0.229942567028
0.179786010243
0.155261788237
0.14354545825
0.123948982061
0.0964964639909
0.113366225557
0.088128165291
0.104691980615
0.100852431637
0.0773313746576
0.0882876328809
0.0674102175274
0.0596974886953
0.0565686625306
0.056754264271
0.0440186194601
0.0438671961056
0.0338153572495
0.0345591909567
0.0304329489814
0.0319512304636
0.0417099819659
0.0243116696462
0.0312791252634
0.0458178354074
0.0328506301526
0.0323009148035
0.0296476201151
0.0400059201383
0.0435799314738
0.047353801418
0.0391801550128
0.0160825490182
0.00820070389761
0.00761931066735
0.00957596501333
0.0151091890793
0.0168328275498
0.0220842337651
0.0264897415806
0.0201116601132
0.0172593594703
0.0214251892605
0.0214173989864
0.0176540243366
0.0126711206194
0.00930409456639
0.0129686256085
0.0231762561281
0.0242043352978
0.027425610575
0.0222244120687
0.0126480093537
0.0114082898793
0.0102058602283
0.00713997931605
0.00575182819065
0.0086898279865
0.0145437472189
0.00924003261662
0.0167317008672
0.015193354284
0.0150012552261
0.00950169434289
0.0123941898886
0.0124684608305
0.0145618658436
0.0101315325313
0.00660085032791
0.00902135583316
0.00955866807774
0.0166771714181
0.011249656356
0.00696344092333
0.00516780701506
0.00279882908094
0.00356196963176
0.00233096709532
0.00275907453843
0.00161444415838
0.000703431256198
0.000775114514269
0.000494918792938
0.000533454583646
0.000208345639209
0.000129344039351
0.000246080268781
0.000194272158225
0.000168827896388
0.000124129323225
9.92929428492e-05
9.7789998037e-05
0.000198519387425
3.95713348098e-05
3.70334026911e-05
1.29590311104e-05
1.31731670621e-05
6.48685877138e-05
2.12382806382e-05
2.47743193995e-05
2.49327046902e-05
3.19776374624e-06
1.61936429777e-06
6.54748333773e-07
4.06618639204e-07
5.3709641179e-07
1.89873290424e-07
8.00020103497e-08
5.55098722543e-09
6.20775803384e-06
1.60867159593e-08
1.53138034165e-05
0.0016183191282
4.17226393381e-05
0.000140359738126
2.14034691624e-05
0.0165052039118
0.00281504670454
0.000332451210028
0.00153827344657
4.96850202296e-05
2.56568246755e-05
4.82180528962e-05
0.00048304154177
0.000527673602178
0.000367753689957
0.000145604845827
0.000662506610595
0.000163956739527
8.53621598225e-05
1.31857032528e-05
4.33033022773e-08
3.24024290197
2.89048756363
2.81938092613
2.83000071644
2.88493574932
2.65477662508
2.488782736
2.64126955127
2.64003397049
2.70970365267
2.57538199075
2.75448952782
2.76797572602
2.74444272439
2.90303556506
2.78430621827
2.72517316882
2.79286044912
3.02123635203
2.86163673622
3.01306662442
3.0267226515
3.61406645213
3.8730017712
3.6098580391
3.2733255644
3.64394683762
3.47247853589
3.1292968965
3.11778297105
2.72617305967
2.55653194901
2.68579781464
2.60881811412
2.40289088925
2.6348157858
2.68570502894
2.79438961649
2.54716447024
2.66963643867
2.71981544171
2.79713686174
2.44433540528
2.5293930266
2.24621706402
2.2972493398
2.37418985918
2.44320882473
2.40360019165
2.23678932952
2.25438728822
2.29868200583
2.42841864834
2.53611346961
2.69537236431
2.61833247458
2.82308680183
3.111164582
2.98223418226
2.59645195225
2.75599354607
2.55368067806
2.25679480687
2.18140569479
2.06131775743
2.05674649486
2.14982991515
2.37943113237
1.9582263932
1.95384105806
2.11039335237
2.62340581908
2.40083304914
2.12911094473
1.9265604205
1.67736153507
1.5567873498
1.5117141603
1.45773924877
1.50303878843
1.46654001741
1.26591075208
1.33332503848
1.17121626924
1.15468288807
1.15570100102
1.18092691213
1.28775503323
1.23691138761
1.30294477151
1.38246105526
1.26873732035
1.2445260432
1.20939366276
1.23248957883
1.05921762872
0.856154564672
0.762692766747
0.737495090605
0.660852507338
0.670781055509
0.612960889693
0.661556484387
0.723191481726
0.750597658358
0.641082434479
0.631387090883
0.622487231784
0.533132095789
0.561844382774
0.647475325699
0.613038752644
0.657386636279
0.663900655156
0.664031112213
0.58848431607
0.576099268633
0.593200530894
0.547527777656
0.632773991619
0.563120501076
0.506903530717
0.53045319807
0.559965930422
0.499949995245
0.518050857539
0.457069252395
0.436285163284
0.510224670333
0.621408628343
0.729525180446
0.61110338721
0.65489014016
0.779245638766
0.892303169324
0.904305946206
0.797174470975
0.869771619501
0.957182870657
0.927144378281
0.684890513257
0.670544924974
0.726458944478
0.750605890073
0.686288587279
0.611477628457
0.494252435625
0.539230536827
0.531812663662
0.530481623242
0.474598030976
0.463584563128
0.577285093976
0.665957658462
0.649057494665
0.554453766922
0.547720845339
0.536432650152
0.535768628414
0.627763541584
0.612974524499
0.69051722297
0.718413797263
0.701695597933
0.665213804866
0.670760252584
0.628234954302
0.617494971802
0.700975604203
0.757132534906
0.839994063497
0.820894000531
0.91950976633
0.87927660787
0.834763234625
0.891621250707
0.805273792609
0.782754939162
0.739437706119
0.772110223011
0.809001419658
0.721192478595
0.799144919708
0.805348687132
0.731292234158
0.815147969302
0.787094899907
0.869254457587
0.653984624249
0.591017952286
0.610386102837
0.638601009769
0.623513927827
0.708285114873
0.702277608921
0.688171689908
0.676062929101
0.789674844895
0.766662190018
0.817223164122
0.81665667207
0.750893611614
0.816401161291
0.835915219534
0.878510060085
0.909498230581
0.740023259927
0.699463580785
0.751692619165
0.769288354781
0.82588867816
0.953674326264
0.839572042435
0.828818600709
0.968124883743
0.992840971617
1.04967360894
0.998123771314
0.972825140867
0.947364139543
0.879444838193
0.87198272938
0.767546800389
0.783946764749
0.707806512055
0.749437933004
0.696975408875
0.730949811865
0.734396601546
0.652443320975
0.726620416692
0.736217349176
0.707980647235
0.771268603709
0.71595023914
0.762289640181
0.801599143567
0.787725460088
0.767799432205
0.76127262031
1.03836992514
1.01607379337
0.939015773326
0.895110814846
0.906820520952
1.02763426941
0.973246300723
0.805235713883
0.693365719676
0.626388591741
0.656067869899
0.548953029753
0.499174762381
0.452447115615
0.479038888663
0.444578520063
0.475139581606
0.483694605041
0.656568243497
0.70223824241
0.695615717257
0.74391956213
0.633051621008
0.66526774072
0.649811295437
0.673703497137
0.712584126371
0.849820645917
0.859365767817
0.840276366987
0.780060587455
0.680306935267
0.602816506677
0.660284094731
0.704873249106
0.721565548614
0.60006902624
0.59763414194
0.685247626102
0.855930583607
0.791780215254
0.772855407375
0.673398007686
0.674104210146
0.668374804679
0.679589733181
0.699334973046
0.633261507304
0.494729213325
0.469124504364
0.448659552599
0.445472993758
0.366314832559
0.39496575152
0.459490874946
0.454993574933
0.407742306325
0.419661459444
0.487053637845
0.494234794645
0.612084369002
0.567699595078
0.549036872595
0.55155618936
0.659705605564
0.632348499649
0.486426534932
0.466281526067
0.409040628919
0.333672161068
0.324128963218
0.331691504731
0.295142090111
0.312876418004
0.286381654282
0.351329007062
0.321094426762
0.292006832861
0.309091911772
0.348788597743
0.445427974935
0.39918073017
0.286554792688
0.251274976923
0.275145787954
0.294798271974
0.256159879966
0.270399503325
0.312727794567
0.283395853957
0.259401904426
0.229073850651
0.210745567466
0.223224616782
0.215636905043
0.179688428126
0.172416645822
0.121324286171
0.122532883801
0.131266189052
0.169710337335
0.168728714541
0.176880115036
0.153416790697
0.148457354365
0.156109212567
0.141607062064
0.168525809483
0.131108062082
0.145030335965
0.14301345605
0.12047164709
0.124299367855
0.115323967823
0.153641728654
0.154601192824
0.143951349342
0.126464569519
0.159980792416
0.122460102779
0.0958101689741
0.0886730313566
0.0864823056856
0.0771694277264
0.0482002203363
0.0740880178442
0.0632054829102
0.0388820246803
0.0303953268554
0.032580897012
0.0302906511493
0.0193055980616
0.0246751779824
0.0209902801278
0.0278674617975
0.029929150366
0.0280898773517
0.029641778699
0.0242533066638
0.0254050142023
0.0160508386878
0.0141484696219
0.0174145632655
0.0213159896469
0.0194495961293
0.0169418364152
0.01757754715
0.0170873445732
0.0140656273155
0.0189371224192
0.0197132078766
0.0307063583926
0.0266598036602
0.0167141967686
0.0181122240355
0.0158837403612
0.013097398005
0.0130925937426
0.0104080744649
0.0120667748075
0.0108211973643
0.0098311998366
0.0190441903037
0.0146372638461
0.0102278141576
0.014247948242
0.0138606434368
0.0125403137295
0.00985586722958
0.0102552520912
0.0115684527925
0.0110552676133
0.00966033502317
0.0138378187845
0.0147524125993
0.0091726703735
0.00736049467127
0.00720457306923
0.00557972293966
0.00484715846608
0.00598356718098
0.00278104839512
0.001483198727
0.00156784717547
0.00125300255618
0.000678997087292
0.000964208309014
0.00156539348711
0.00108726530794
0.000916811788855
0.000521088666332
0.000623524673173
0.000651657182246
0.000248319034498
0.000102773318162
5.06854679827e-06
6.52135422285e-06
1.5384800065e-06
6.52569269732e-08
2.50900455967e-08
3.39947803241e-09
5.86368287259e-10
3.52855522578e-11
2.87059265247e-12
6.8212102633e-13
0.0
0.0
0.0
0.0
0.0
