8.85385274943
8.94407825387
9.03986789607
8.97401501122
9.02586266203
8.70145726637
8.6623152757
8.93291737994
8.81665754728
8.9331970303
9.17474024186
9.25204132795
9.67799817387
9.60474609447
9.87973254359
10.1257043062
9.66621644114
9.49547496612
9.29712629575
8.93264748019
8.86766693026
8.4961009088
8.7492036078
8.51969444599
8.29624543469
8.07324302469
8.10456506934
8.49531228283
8.40235993485
8.28854139221
8.85049159581
8.56683878159
8.47139795153
8.34654355996
8.68786914841
8.55330281172
8.64215059747
8.8938047394
9.13215089976
9.27549430642
8.86807156835
8.82700041106
9.0288711615
9.17501310099
9.14202322514
9.18444402372
8.95661859937
8.72064471747
8.5736452898
8.57055767972
8.54481798693
8.70882722208
8.76842547977
8.4308353163
8.74542479745
8.8058483406
8.9350394422
8.75968227858
8.36277975316
8.40685661973
8.05953926688
7.90663089836
8.05744372101
8.28316449225
8.31001177684
8.63360450248
8.50061197258
8.43142018233
8.80799374687
8.76510310352
8.80957066132
8.67784005188
8.64223166743
8.59885694878
8.41125558756
8.83832121665
8.79729285221
8.74356047693
8.80802338567
9.12480869447
9.16589648334
9.25065475252
8.99577180226
8.62510324856
8.76596444668
8.43298979339
8.42426523116
8.45284790659
8.39849043947
8.55066718611
8.38989222733
8.68511021667
8.70817478961
8.93400826499
8.88771175057
8.65873547672
8.8445863455
8.62734051112
8.61231290794
8.85285467151
9.00304122843
9.21825999071
9.2908711512
9.134017203
9.28326350976
9.06445876552
8.54524009061
8.47980107269
8.68037128849
8.40788681793
8.47534720213
8.13681488044
8.14180992405
8.23807539325
7.76902711089
7.49411527347
7.49037245082
7.50067732805
7.92493015298
7.9625726616
7.42656819621
7.84106467705
8.14870641363
7.9267907485
8.06443601755
7.93617564432
7.95226674235
7.99782809838
8.21351426375
7.89172031975
7.9201063493
8.02405845135
7.95516657579
8.23127657418
8.07332582193
7.95585271031
8.03934986691
7.92523481109
8.13941739559
8.15306408186
8.24485760868
8.33835959312
8.251766402
7.89430972555
7.63709426003
7.37692059034
7.28093517825
7.50467015718
7.64535278531
7.57750572745
7.67984101639
7.71954066966
7.65813095647
7.73455966923
7.62720151921
7.65878942567
7.47159521736
7.33024822922
7.55344293596
7.8264742071
7.44112643189
7.75751094833
7.29833196925
7.27318199685
7.62316256377
7.63352699669
7.68399880442
8.03473551742
7.80379067914
7.56271485942
7.61177132991
7.50320589579
7.73346712147
7.6038058211
7.56316973746
7.5969735235
7.16259929996
7.53045912438
7.13690450334
7.15026727737
7.62494866939
7.6377823048
7.39372109206
7.38114562221
7.46307840013
7.4753726835
7.71516332961
7.71326440402
7.82102630057
7.9544794596
7.61649497033
7.8649369716
8.19723960206
8.04278006715
8.06306677906
8.17553242659
8.28407422509
8.38711396376
8.9458139637
9.05983792725
8.67434842477
8.75504674902
9.18793719728
9.33144577346
9.67363462851
9.71540499062
9.63550060425
9.73995971978
9.87656585512
10.1541564161
9.88746725115
9.67943705913
9.75947359428
10.0523695149
9.86017231076
9.62640530217
9.89151670824
10.1669832923
10.2349317222
9.91601048071
10.1050498073
10.1061284933
10.1312455583
10.0802577475
10.3355232667
10.4905934789
10.8490074373
10.5837635054
11.1424970056
10.6030846761
10.2475436573
9.89929973058
9.93273988982
9.62758470172
9.41316111933
8.81778971613
8.49972410815
8.25771053466
8.41662250412
8.51893235226
8.57001250026
8.72966229802
8.58417326618
8.84809556021
8.71088592735
8.59102698834
8.56885308457
8.65598194141
8.16555337905
8.42621551095
7.98409967929
7.95130338903
7.76871851978
7.44366880484
7.39181298033
6.92153820311
6.18343106432
6.12695506302
6.12284154679
6.07043663295
6.81051690073
7.04997652525
7.33053744559
7.17819028671
6.96607721902
6.95796616358
7.21584231168
7.30992539059
7.16857463783
7.14504766431
7.03038764462
6.88163856519
6.66136996828
6.41382333947
6.3686704863
6.58015389427
6.50622271627
6.11127874697
6.2276524288
6.56710478387
6.6123162781
6.49315852473
6.63240035447
6.66433959716
6.61636030665
6.56245006227
6.5550011607
6.33873536396
6.18732273395
5.68795341915
5.67182914423
5.79021457102
5.85623222161
5.68152071971
5.59836554465
5.30652517666
5.51550354233
6.053271476
6.58339901946
6.53374735475
6.25738268224
6.36983288269
6.81313688629
6.6780503388
6.89184877256
7.06374337607
6.92806294144
6.97715849266
6.57740075698
6.0617591996
5.66733863176
5.89358169562
5.95238667088
6.19282791888
5.69824238609
5.4622391324
5.80490692907
5.31887212628
5.51305794578
5.35066217296
5.56097224402
5.46467278365
5.17631884234
4.93288689796
4.79316510789
4.45639980942
4.18382104328
3.90698583257
4.16981628747
3.83715994351
3.5851883085
3.45204389852
3.18960053319
3.0935844567
3.16722955058
3.75725525511
3.77644623476
3.59157787091
3.65312614547
3.46925572671
3.27354217973
3.02530765542
2.83524347862
2.92234076117
2.7111373165
2.46436752191
2.41959145439
2.4114335607
2.21490367905
2.35013614124
1.92867657551
1.6899170359
1.71129618719
1.98752738126
2.14024877717
2.15967734955
2.03138585747
1.79266020802
1.8052342667
1.61526836291
1.69806882537
1.7570322693
1.86631596012
1.91920186134
2.36115463833
2.30733747547
2.16150566558
1.92459722438
1.87866266
2.05686312403
1.84008778776
1.89464306018
1.75488619995
1.7534335016
1.92002226305
1.92392662696
1.94982127661
2.28436881657
2.41776932476
2.83767235791
2.76075250967
2.74079469189
2.58094983515
2.39105106591
2.35876123764
2.19665852279
2.45256288577
2.24649676903
2.41222737686
2.469123472
2.65753907451
2.6381207167
2.54021600429
2.88690544473
2.56391200528
2.69068851115
2.59671960815
2.77342867968
2.66600078419
2.53202174665
2.36325068842
2.48737161942
2.87145004685
3.09059863442
3.00799924443
3.16355739994
3.39400692215
3.52980262917
3.42680224923
3.28594602608
3.10706997597
3.07518289335
2.97850678753
3.63977318684
3.4056069843
3.40976078006
3.03595184906
3.69462765513
3.30318504312
3.32275455946
3.32470434184
3.4025884223
3.26863910978
3.3161195782
3.76549791663
3.43582828669
3.22214497405
3.3056037335
2.83020799877
2.81171879802
2.49806461753
2.45064973357
2.71981764546
2.64236927278
2.79565408213
2.86652331992
3.20026444203
2.33999516501
1.36324800597
1.45707732839
1.94103826823
3.09997450074
2.9437664923
3.37142271132
4.0708041252
4.24879982536
4.14757260514
4.45350527725
3.71819645188
3.64314434232
8.60553304317
8.72315506507
8.34811705048
8.06252915998
7.87842057435
7.38275885463
7.16533696111
6.86806924994
6.82592318797
6.72585783235
6.40327893692
6.28736743649
6.14674422569
5.91063427014
5.51855213252
5.11415883398
5.57729780468
5.5863030953
5.38966105813
5.10177711629
5.73083977024
5.45455830258
5.31355802555
5.47724563197
5.38017099578
5.3661293011
5.41224211253
5.07252416588
5.04847867883
5.5302500355
5.97511347409
5.9967749886
5.64007794234
5.79914547915
5.95190877112
5.78373593359
5.30692607483
5.29795995078
5.17394609173
5.24283666239
5.41105764269
5.21235657032
5.30315908187
5.0383057206
4.6859261086
4.52825373423
4.18993031094
3.74913825957
3.86796012216
3.52752959861
3.49089029498
3.48396357645
3.41189553743
3.2940232392
3.58545765884
3.39103958037
3.80754713224
3.72171496674
4.06661281648
4.29753928184
4.24515028358
4.59679520651
4.42021314944
3.94959466861
3.96286314132
3.92605036066
4.08780874828
4.03573535655
4.0263307871
4.08518199376
3.8874003956
4.12180121297
4.1060435287
4.01167336364
4.06875602059
4.0570507796
3.432965432
3.56125046472
3.56333049219
3.45536189259
3.92051333444
3.79608160087
3.81791936489
3.8923882335
3.98351059046
4.17762226969
3.99376091949
3.91558825377
3.94571048678
4.0424830019
4.19043855945
3.87300933898
4.11767491123
3.86302109173
4.10568662425
3.88152636262
3.89060719241
3.87848927161
3.98319928615
3.71297746221
3.76666474838
4.11461984757
4.10398941089
3.96125222034
4.1090650087
4.46138205342
4.74279611918
4.75981253009
4.63405918254
4.60771872303
4.78445247534
4.92532824838
4.96166458539
4.70914240925
4.77075230992
4.80736192913
4.98805246634
5.23502768512
5.45644089555
5.02941585522
4.83819547992
4.94280060211
4.9550791471
4.98605368764
5.20133224352
5.46614981175
5.48439161548
5.57919697074
5.56060937824
5.54514453207
5.5929504678
5.52396084518
5.39871706824
5.11285961426
5.00918423727
5.28795618293
5.28364641956
5.49634079818
5.03565347712
5.1639394892
5.41346323856
5.6657326834
6.15466564081
5.66848330064
6.18428579246
6.02840011027
5.73049523919
5.54649068367
5.42588366882
5.20541604096
4.77886146888
4.77675884709
5.06440529169
5.15222531046
5.25522648932
4.99997873822
5.04450488355
5.24191285929
5.49155277083
5.35870264689
5.20249296443
5.18034688599
5.31860015953
5.36279397057
5.80201212349
5.64798668887
5.75120493792
5.98161803189
6.26634452635
6.17651022937
6.44901795755
6.63180518316
7.04529946542
7.07405226074
7.24435065364
7.30976814104
7.84916427036
8.05566219173
8.14903253048
7.90383740245
7.97204449456
8.23846543731
7.85283460064
7.64495877135
7.54415335962
7.63016727581
7.27912505179
7.37424854279
7.22084873726
6.89209229157
6.5113210003
6.89054510263
6.65915616569
7.30599592383
7.77645929452
7.60706141228
7.72564088493
7.83405487309
7.80934159325
7.62058983264
7.84442590723
7.54078467129
7.39918734984
7.11117952345
6.39958578208
6.53578636435
5.84566948548
5.79810283767
5.765296066
5.63163398208
5.42226664582
5.3636380422
5.15715338292
5.09691515046
4.91738981304
4.54905658939
4.48849270464
4.4563097752
4.31009963287
4.23055743892
4.32687323249
4.72751650272
4.35496094242
4.43799922371
4.55005996895
4.49348769173
4.56300593975
4.70192752512
5.14801569715
5.27567880758
4.96640974963
5.34562473434
5.15907926679
5.1981377632
4.89213439176
4.7407800383
4.82389706082
4.71338553192
4.62730657135
4.38719326779
4.20743335729
4.22943722797
3.9176061554
4.29371481844
4.36252880614
4.33041239477
4.4367615936
4.22969676823
3.94689075872
4.33002524342
4.32411084789
4.34863741307
4.20835203267
4.12943930853
4.11337434497
4.27503871785
4.26898777267
4.74968936552
4.30281311363
4.5680760261
4.7568337197
4.91159404711
5.05102083109
5.0125532553
4.73785485985
4.63479226505
4.89011080318
5.22766043069
5.42670311539
4.85583661788
4.94125159881
4.85955944348
5.33453490488
5.7855928044
6.14935033461
5.87446224272
5.96383155162
5.32306223309
5.28011937373
5.24382329037
5.61103774918
5.60336281553
5.61849821295
5.39005341972
5.61404615783
5.58018532523
5.33723278857
5.61914738378
5.30638341963
5.3139033419
5.96479296867
5.45698962395
5.48373563247
5.38600605371
5.47666350453
5.70241883482
5.72021657005
5.394017348
5.41901751022
5.06606708972
4.71200881534
4.79291953734
5.08009452862
4.71159500613
4.21486563028
4.21023114458
3.96871498073
3.97178064246
3.8260571708
3.74208259944
3.82963358649
3.50942116667
3.39868674871
3.25811863416
3.34122556022
3.21476678759
3.1549708608
3.12683558725
3.08028941934
2.88563340972
3.07195868078
3.05870913775
3.19013845277
3.1272860571
3.40760347914
3.05880869875
2.78610743802
3.03124875247
3.0610964969
3.33037565201
3.09460182143
2.66900225903
2.57865903426
2.38352208047
2.18158502187
2.04064937871
2.06478977302
2.29422345078
2.13024810578
2.211161827
2.28002888836
1.95493353242
1.74588661072
1.64618578352
1.64822985846
1.55940227309
1.32672627009
1.44179642435
1.29420095907
1.26973560095
1.25360041441
1.24187764715
1.13855698447
1.1916330721
1.17515203194
1.10435938873
0.92458089415
0.916937701784
0.947849840177
0.94691580036
0.965598320709
0.924068480353
1.1040636741
1.02779927296
0.919404606026
0.955335544256
0.942602221379
0.811149495528
0.731600429279
0.688397611377
0.678162021238
0.621668906823
0.550437476689
0.602910923053
0.490370030164
0.488610372661
0.395467140733
0.344181925918
0.366998123879
0.411456245893
0.383445966449
0.360176098307
0.399928161348
0.411642214449
0.343995283064
0.352707337268
0.309117803254
0.334998643227
0.407615883348
0.443702969699
0.484371292649
0.533505233465
0.546081159334
0.630230618547
0.479048560138
0.493697966016
0.465562909069
0.350720755657
0.262369692088
0.229670898634
0.270211256973
0.305117537504
0.289610836682
0.285402124606
0.251392742708
0.267243746092
0.262404610339
0.316189347031
0.298051948324
0.347296358297
0.292665471092
0.185831724095
0.164286550863
0.19797166086
0.272798498181
0.280359416217
0.289096607141
0.249601891372
0.214653357293
0.231350281943
0.197090254564
0.163549975216
0.165233641307
0.091174161553
0.108973189165
0.0728942705738
0.0924049706125
0.0680464661308
0.0714684403277
0.0501898324729
0.0458822368461
0.0426121944735
0.0368551260454
0.040653551117
0.0522458131291
0.0599635544104
0.044228378713
0.0282538808524
0.0139528020042
0.0104941955988
0.00696671566603
0.00619657882715
0.00529639785269
0.00772632352468
0.00301627820535
0.00175389266036
0.000823676422463
0.000119953722181
2.8016114656e-06
1.20671981757e-08
4.11536063369
4.19552036311
4.40699378637
4.27630891789
4.65250299418
4.65421902008
5.09953860285
5.25122184002
5.39083951098
5.25168684626
5.20956350692
5.40820905561
5.16753441055
5.35345864462
5.33222474964
5.27275704083
4.97416745411
4.67646927149
4.75777570568
4.91340134144
4.8748794609
4.7496756937
5.12465632525
5.2649232524
5.12599042125
4.78834675623
4.4825986922
4.77275951648
4.94990448258
5.28094403186
5.27986180955
5.50213872558
5.68482882289
5.99447597133
5.99915682166
5.64997631942
5.62830514316
5.96220821608
6.02684659041
6.2388062719
6.14301482609
5.72968754258
5.71943213813
5.59814722699
5.34429471565
5.47311983304
5.58007644942
5.34959568129
5.10356616308
4.73596834477
4.59215051532
4.43909846851
4.43841820808
4.37952343837
4.44291325686
4.42734925858
4.403622659
4.33529293375
4.30902875739
4.38136772765
4.49445370332
4.34560530059
4.43721473782
4.38882774517
4.77792737041
4.64805353589
4.81963079323
4.98191630666
4.9637408504
4.59571263319
4.54303791245
4.65902869653
4.48269618286
4.68671921795
4.78746971584
4.92534548282
4.91198966976
4.96604985483
5.05503235832
5.53206325925
5.35969885576
5.12494057818
5.01179418083
4.96763836896
5.35101554553
5.44221832531
5.10794033424
5.44191127754
5.22421046762
5.500310285
5.70909757088
5.24645723367
5.19643680116
5.21408910535
5.37510323361
5.53160443199
5.55506942334
5.72600851331
6.31579719128
6.19569053951
6.3274578326
6.2425852729
6.27515049246
6.44083352521
6.66579712765
6.58291665528
6.13588459453
5.91489936194
6.09346217931
6.40689138891
6.37444230234
6.42246962995
7.11284672923
7.23809622788
6.9494984709
6.88828886372
6.53502454915
6.8833810887
6.70551048953
6.79136450387
6.89665697587
6.60537571972
6.374740195
6.52693465727
6.64533017642
6.80316878084
6.99738250763
7.34803073305
7.2665238658
6.8306579373
6.42399607525
6.2522827739
6.31432656883
6.30914186836
6.00208628509
5.99239680082
6.0781888616
6.43585280002
6.37210748848
6.4422105765
6.38553800442
6.75207703794
6.5897375572
6.66436504994
6.53549508429
6.56966648539
6.7783660725
6.8200656024
6.7929407308
6.78473760998
6.95905063956
6.78140126377
6.54566798299
6.45493791652
6.1808939402
6.20653045332
6.11044525654
6.1829071982
5.97204536044
5.64609976554
5.66598770976
5.39236583434
5.49069575704
5.57607827434
5.58267692954
5.69823646226
5.75662571158
5.8721314841
5.79870589239
5.88426355964
6.03553297897
5.87371903453
6.01006389056
6.26887730467
5.87477159763
6.07605374391
6.4652740779
6.38246514094
6.27642140403
5.87471813724
6.17553687821
5.90209211167
5.84130696274
6.10657649381
5.74970847881
5.83394533499
5.87054030629
5.92112405931
6.30099032178
6.13617970351
6.31719978433
6.17485440024
6.25756340886
6.08272250533
5.9711712369
5.89775786464
5.38749378299
5.28799471587
5.15823657511
4.7845725878
4.9556520124
5.24959558883
5.3060156737
5.13967871181
5.47729372712
5.37882564788
5.18254628866
4.9345793692
4.83877296661
4.98758071882
4.90966468131
5.34967564124
5.50550533001
5.20826484649
5.15514541
5.22546545479
5.5550359491
5.52728945534
5.68721757253
5.27212486477
5.58535266803
5.96844733718
6.54989941046
6.44079539188
6.73315835425
6.68657336945
7.16241128415
7.4075482541
7.42330182593
8.02013798012
7.93209384884
7.92388649853
8.56197409363
9.12408427622
8.92606675367
8.90403121171
9.0579445918
8.74207780103
8.99138176774
9.17233308518
9.07833134976
8.87780209677
8.69351537501
8.464551061
7.63774119604
7.39215844652
7.63831906737
7.59020657981
7.89185793253
7.78324451948
7.85894629853
7.9419650274
8.30842326179
7.96647460896
8.36860568758
8.68760877161
8.74719386432
8.54737303658
8.78096700628
9.25806016727
9.09896074173
9.25392839421
8.74241910545
8.93914645141
8.8455019588
9.10832766606
8.85486957765
9.22807171665
9.36113836903
9.36265388065
9.34343180304
8.69436335938
8.1120022282
8.95468001048
9.40843714265
9.84660626099
10.6326476355
11.0545891095
10.8431589823
10.4937623078
10.5823411761
10.2535606059
10.35110889
10.4469176679
9.8577391027
10.1852111918
10.755197222
10.460917054
10.6185140961
9.96336597538
9.39097269358
9.20980334296
8.88726444068
9.10078631532
9.1928459511
9.32062121554
9.53307756168
9.90247617776
9.76647288437
10.354283873
10.4540126588
10.4696918684
10.415406633
9.82396445374
9.81418001116
9.58771846141
10.0926046847
9.79896903978
10.3009627575
9.53898115209
9.18434195339
8.83122979657
8.84827068119
8.58134055345
9.45257570342
9.56786883779
9.82787125334
9.97052615494
10.6770067271
10.6895063846
10.5000416448
10.2449202948
10.5879959061
10.2792792965
10.9033517403
10.6461692955
10.5296396036
10.5651874669
10.3057903338
10.3345441
10.6589930568
10.8629343687
11.0083477031
11.0953164752
11.1429148372
11.1679026559
10.8966095942
10.7821949403
10.8198581238
10.5685649109
11.2636490358
11.1060799115
10.6851385727
10.4173258407
10.4478083778
10.3733306224
10.0732761112
9.8328490449
9.61859205916
9.51924241056
9.54090136625
9.94744974272
9.58172552399
9.26028920863
9.00843412769
8.99346054516
9.00568280105
8.65054755064
8.42846061609
8.31463842833
8.1020079554
8.17804188103
8.34287820236
8.42368105563
8.80380034924
8.64689864172
8.20015022262
7.84820311509
7.73071268142
7.81544617363
7.81481803287
7.67213019252
7.84439929977
7.92409055491
7.97978602398
7.86837940781
7.7941158155
8.0075814558
7.82195236696
7.93401642625
7.97077786353
8.1344062023
7.67354519685
7.64987658339
7.52284717993
7.46769525293
7.68315301114
7.72038337215
7.8877270695
7.53282321535
7.75782699699
7.89906527987
8.03021719604
8.42567391406
8.00340317634
8.46227873092
8.32533985227
8.51913983096
8.78276423517
8.55569006742
8.99539672657
8.84137447304
9.26132311403
9.40693105661
9.16116098916
9.33664130364
9.16270128947
9.45838021384
9.59518810791
9.42380429587
9.30643388608
9.51012211074
9.74280776431
9.72945535628
9.68404598403
9.36780286947
9.58320850536
9.55349054429
9.37181584141
9.38238045469
9.61604771847
9.49309685987
9.25992954049
9.40386656749
9.36952343579
9.49563930576
9.7322185089
9.35154978573
9.63202341897
10.1132460468
8.20291233352
8.73788331893
8.61063702428
9.27133130477
5.81796709621
6.57809538866
7.31133955818
6.59441101205
7.17611454378
7.10913061611
7.09930538418
6.09404473606
5.58730331328
5.42084066022
5.3749439778
4.21258046147
4.25309113136
3.72045001181
3.51891078438
3.25956081653
8.67097407794
9.07217039221
8.93375498974
9.08577798991
9.03004648083
9.56868702051
9.76236510593
9.517620719
9.43477301363
9.01626511825
9.23063786475
9.1654323295
9.223542862
9.48737784826
9.60905319405
9.72011631495
9.82486762446
9.72975507381
9.42530699885
9.78330469833
9.61943544862
9.55454537176
8.96704551153
8.54071796069
8.73309728209
9.29291840057
8.88566208062
9.01314274574
9.26111327897
9.27413052832
9.82133996636
9.90560814655
10.0153348482
10.1097803709
10.5159649369
10.1939289748
9.89832779731
9.69700276123
10.082741038
9.99939150259
10.2407034093
10.1341488351
10.5176981838
10.6444835554
11.2685265083
10.9280568436
10.5255513531
10.5561203158
10.5052998076
10.7730358226
10.9756494593
11.0200305098
10.5944533264
10.2846745425
9.85355051495
10.0389171524
9.61327625854
9.2191249529
9.55651274405
10.2800611987
10.0277560892
9.93654710763
10.5764940606
10.5905786726
10.7498375688
10.6469006988
10.6113724503
10.0223354854
10.8502580867
10.6613536661
10.5356424312
9.97864688721
10.1093574597
10.045901972
10.2109898609
10.6960555938
10.8591097953
11.0994024178
11.1640014071
11.362910208
11.4805383577
11.8293413433
10.7253427281
10.7266589787
10.9862204
10.9367008963
10.6951783225
10.1551225692
10.7296207647
10.2114742695
9.92268049077
10.1679326629
9.94361633612
9.56520878587
9.31040770304
9.33913445644
10.0162380669
9.88303174712
9.8630479487
9.75476075349
9.47449629581
9.52795594696
9.38457317947
9.32988063316
9.10023241731
9.28685050828
9.56128599643
9.46882130374
9.17029830932
9.35739322448
9.36323022061
9.21941306424
8.90885786875
8.85693056395
8.76939707894
9.17217457157
9.29182861168
8.8011619317
9.1206113976
9.12642927829
9.7598284908
10.3216028967
10.2142689957
10.3880948344
10.5594156956
10.8625510463
10.7050208322
10.3673128619
10.2612242057
10.2281064349
9.64398239425
9.75822425434
9.9605792755
9.65437724944
9.67044929639
9.81009540307
9.85633998342
9.57919090006
9.6662443097
9.81659123766
10.0878073456
9.89713715339
9.87578989717
9.52349498024
9.48239287825
9.49152111528
9.62917583456
9.54154183743
9.18558162292
9.42986192175
9.19357236564
9.45686275367
8.89856992934
8.22087946236
8.17505946596
8.37386620304
8.77438631921
8.815898972
9.04230382844
8.85274557873
8.98641398938
8.75333898656
8.90759256659
8.75476587059
9.16368718104
8.89353335681
8.77642966387
8.85248139188
8.47040936815
9.0731609472
9.50640754365
9.59656266063
10.1737481334
10.7355683202
11.1096743674
11.0163397451
11.5137516997
11.5510199396
11.9365258009
11.7977995665
11.7868415024
11.6236153901
11.809793485
12.04647633
12.1348971883
11.8196831228
11.5054911629
11.3159564985
11.6855985796
11.3029009211
11.1854233581
12.2280393149
11.7060131955
11.3827119328
11.3057145512
11.3025628386
11.1924664787
10.9854498344
10.9054679087
10.9667081882
10.6467463496
10.5584910909
10.7455511781
10.9462724387
10.6197326023
10.6137937195
10.5708676447
10.5402906656
10.5671446325
10.8200643398
11.1144616745
10.5787452939
10.9630278248
11.167681858
10.3354464934
10.226191872
10.4475204944
10.6186931111
10.2612947138
10.4483362954
9.90493999449
9.88820081912
10.0951635558
9.90374761243
9.89563258578
10.2337578237
10.1936929062
10.0928532425
9.76120270167
9.90034384686
9.26882033525
9.47373704963
9.16613816559
9.23431885905
9.31500194797
9.20074869981
9.17431348586
9.24355470038
9.25637339636
9.39676973411
8.80346397682
8.84122179507
8.76605799126
9.01820685046
8.86420669546
8.59885505667
8.87947591542
9.06372194437
9.35944533781
9.83118502496
9.63765151483
10.1575514614
10.2956048995
10.8243044233
10.2157685198
11.051873812
11.027423498
10.8387105231
10.2962185685
10.0167630891
10.0805448124
9.8765067015
9.9487549663
9.52008844805
9.37549498467
9.60615419574
9.7330697631
9.27024581725
9.25755772732
9.17829563273
9.24090855814
9.35468213405
9.45239155783
9.31727972602
8.75642896338
8.35209572831
8.86582664988
8.92418484224
8.93828886912
8.42345792905
8.31259902213
8.05764494514
8.34249351774
8.2860205944
8.03102714459
8.14573936577
8.10261297126
8.2063647969
8.68499617623
9.04579982634
9.21982393097
9.47399215497
9.9677733137
9.7340112784
9.12631251131
9.65888262284
10.1378728804
9.86193101761
9.59978216047
9.18670240739
8.50417416901
8.46499021992
8.408526076
8.45121057264
8.13089783727
8.17398419834
8.55756013703
8.66011092578
8.39637252283
8.43088276888
8.28595506701
8.42355086416
8.61962821574
8.43631856747
8.94296523426
8.25437841321
8.39029485417
8.22389762906
8.13003684497
7.64155859415
6.8758207816
7.27077805541
7.5942722394
7.65598357569
7.6241256159
7.6181658081
7.8945861334
7.93701056623
7.90133468932
7.83239870102
8.13556519973
8.30994629036
8.31414438263
8.68405807546
8.39256311088
8.37171733418
8.36439726192
8.47231464573
8.49804544441
8.65392567849
8.20228978331
8.09827324274
7.72757747326
7.81646388738
7.84446232198
7.94459751002
8.04219772381
7.85208962333
7.96110178779
7.77957299166
7.65174875737
8.35859294156
8.4325987053
8.16036402287
7.71932434419
7.59161684262
7.59347784814
7.97970744494
7.56984648207
7.94512466574
8.48107703242
8.47744187365
8.35988614989
8.08200468808
8.32627635825
8.14396641301
7.92535070326
8.22894758517
8.57114656591
8.58289954866
8.57812830646
8.78087589743
8.60453545054
8.53091379122
8.48644807366
8.29211120137
8.26053723901
8.14381937727
8.44029641868
8.33764110011
8.65725250822
8.67891976347
8.79857544773
8.46301497789
8.62614808222
8.34760318478
8.46990885796
8.85078948686
8.57058700525
8.23025691808
8.28058202075
7.8487540314
7.76720862475
7.67237438553
7.10858199105
7.0416572122
7.00885585775
7.05240222941
6.81584415707
6.82120499131
6.66614718184
6.58224781246
6.44729652114
6.42866460351
6.35388399418
6.07395911225
5.7910432727
5.8836646221
6.07364380847
6.2766565863
6.49370821085
6.40789245514
6.30092813267
5.94640966646
5.9481266693
6.14474584396
6.13284967799
6.02787181906
5.98218223503
6.06435888796
5.86426909696
5.84563530213
6.45580158883
6.36934998174
6.30710829667
6.14140040501
5.83139030107
5.7257135355
5.62392728394
5.31641812094
5.74939386641
5.61527330917
5.36783581093
5.76664370633
5.98732202431
6.44802380398
6.25988389261
6.41992836617
6.87847853325
6.83114018746
6.71779281906
6.77889536897
7.12901356179
6.92370217995
7.19011406648
7.27674572484
7.50736366016
7.13178012166
6.91198095043
6.86664454245
