3.39371274982
3.51249166117
3.54831274014
3.5787111026
3.64380543348
3.48931941347
3.37136066096
3.50720029206
3.35366817136
3.47100432625
3.56952920234
3.72911978718
3.97567929063
3.7965031782
3.85463081884
3.96660164501
3.82981628407
3.68070103017
3.56454287769
3.29370984335
3.33147678153
3.04231074869
3.19488033991
2.9803610213
2.89341580122
2.73862352372
2.77653374049
3.10814021364
3.06924799069
3.03644037765
3.34867535077
3.15113897149
3.04436406499
2.92663227271
3.19673451591
3.1583617578
3.10503623457
3.35430810313
3.41635283057
3.5177961337
3.28396088163
3.35571071109
3.4894079352
3.62346033346
3.55640821015
3.53562536481
3.30256280345
3.16194675266
3.03785423844
3.1150002135
3.09097663684
3.20541448233
3.24709546223
3.15068529597
3.38000051922
3.36974601283
3.48238707133
3.35362426175
3.17516522213
3.17413808998
2.89851914284
2.82314071989
2.84353024334
2.94578317528
2.94309168536
3.14795168489
3.09863297839
2.97793054854
3.19680951623
3.08252991077
3.02405267554
3.01928470037
2.93361218266
2.88851684177
2.77578950501
3.05240387328
2.95517241554
2.98871862799
3.02775326936
3.17828087399
3.1635692468
3.20703402874
2.99203607383
2.76503149666
2.81766743907
2.5766972894
2.6735881055
2.70330348108
2.67062759842
2.83500652791
2.78374087394
2.97200706052
3.00018484164
3.08936733929
2.9968537059
2.89285317645
3.02770539739
2.82314653482
2.79283511
2.98792118893
2.97490136654
3.11088546147
3.17845102537
3.13133775282
3.18855529399
3.0140728031
2.76493604288
2.70706521492
2.79756916046
2.58868309084
2.58097107083
2.21722422565
2.228655141
2.27096128519
1.94769666135
1.79937954491
1.79755762349
1.8452714546
1.9644244524
1.99340676235
1.69944971485
1.87092520387
2.09345212642
2.09430873037
2.13038523615
2.05585888491
2.12114592097
2.0682560688
2.04575248783
1.82492508581
1.88445173373
1.87108493921
1.87305804292
1.99870046851
1.90921796849
1.86048292875
1.95626120363
1.80635183999
1.74662763514
1.7635857698
1.87791004774
1.78779249575
1.71343062718
1.5779016014
1.48463009267
1.37298589459
1.33119903251
1.51491093366
1.64112879411
1.66754454294
1.64452203663
1.68279089645
1.70528609882
1.80172235191
1.73233120812
1.76346197956
1.67759270647
1.66920869356
1.75709072797
1.85702177502
1.72938337674
2.03079733095
1.74070821749
1.83860403413
1.97308650809
1.93698363098
2.02692494837
2.12883553501
1.98730698443
1.86241135208
1.80418688681
1.70512038368
1.83214762667
1.72837323878
1.78394102271
1.8240488605
1.5983157823
1.83588597903
1.65597495367
1.6938287272
1.98921605213
1.92967555478
1.70850164597
1.66222485412
1.64924021582
1.61596788163
1.67213969976
1.71135942058
1.70881883114
1.78535265768
1.69650058122
1.80610284057
2.04126330714
2.00123428806
1.90978729346
2.02423330544
2.11648354233
2.12366804906
2.43730849385
2.41081647139
2.01359729385
2.0611983955
2.3183750865
2.28371813495
2.4527004498
2.51463419738
2.48617634366
2.55369498028
2.66277556965
2.78871658679
2.66527527439
2.65520313279
2.71677706329
2.89365947089
2.69680618458
2.65908073401
2.76571821669
2.96515091977
3.13223710469
2.87119471237
3.00652381569
3.03002335182
3.03160297016
2.99915479424
3.07719209508
3.2502402307
3.59131343737
3.44887390734
3.86477384167
3.46727868979
3.18953246882
3.03049614976
2.99746049478
2.84307703143
2.71945875525
2.36411126394
2.24566986892
2.05678040245
2.0836775946
2.05707675099
1.93764131571
2.06211322408
2.12931260106
2.3013473
2.20615311296
2.2131720787
2.21677006628
2.27321555988
1.99672101122
2.09989863846
1.89046525745
1.984347811
1.86091036866
1.68624413909
1.69014554971
1.54969304532
1.21321845897
1.11350431433
1.1592327185
1.11017630809
1.4321441542
1.53803816554
1.60309613778
1.48705918427
1.32950077276
1.30580958012
1.35672599232
1.4008946013
1.35675469501
1.30412546745
1.23885915405
1.15547228861
1.09296937733
1.04697732456
1.10164351418
1.20371545698
1.14766214071
1.00003344244
1.03094511471
1.10235535274
1.14062337834
1.02857244803
1.15777228588
1.17802215893
1.15629846848
1.13909244511
1.17940177779
1.10294656311
1.06810976429
0.898288313825
0.883127692376
0.841317524213
0.885168715662
0.787413031113
0.739844346507
0.695708210594
0.780419528621
1.00044694215
1.21082693594
1.21425604981
1.15364711159
1.23959103651
1.36110302971
1.30897503576
1.33869312889
1.41307149764
1.31980358448
1.30529933591
1.16221798733
1.01483070669
0.919469260263
0.967007326015
0.968972520793
1.04114537164
0.899448282665
0.811849232308
0.91172550769
0.736249481207
0.824606020695
0.82294691259
0.861515671668
0.741965561706
0.681647472123
0.56531117253
0.559150387154
0.507353190951
0.435969382322
0.338933170464
0.399558885531
0.365831542705
0.334784266545
0.313564047513
0.280592600266
0.273807945381
0.268871330357
0.35088834623
0.316152872623
0.292804665565
0.28597240695
0.267772278313
0.234045623872
0.210515175948
0.193578587251
0.186463391392
0.146575859017
0.120835267063
0.116088427022
0.122127479539
0.103323747521
0.109088062712
0.0640828119932
0.0487562975179
0.043566299299
0.0568557987447
0.0646647078164
0.0628982812952
0.0495023992044
0.0416451950696
0.0402704301464
0.0313823308591
0.0285703064739
0.0247703478555
0.0235321884013
0.0230382817652
0.0334979227113
0.0348709914338
0.0329128884892
0.02602159851
0.0244317287277
0.0344789907633
0.0244016477606
0.0250537873335
0.0219784424374
0.021787126938
0.0257828045393
0.0256080244202
0.0278780148459
0.0473874269754
0.0556078315295
0.0708350484795
0.0653020974067
0.0622352358381
0.0461372777971
0.0290254258985
0.0261214726859
0.0201251678307
0.0280103731099
0.0188904593885
0.02137227687
0.0200081862995
0.0241100137406
0.0243954805514
0.0176890590725
0.0308066093434
0.0172111305681
0.0171802642831
0.0190361645816
0.022249997911
0.0222697501539
0.0204179346646
0.015113607547
0.0150540166111
0.0173582909645
0.0233754760738
0.019711348404
0.0242548298775
0.0333055817211
0.0441180980618
0.0357841539879
0.0329838620944
0.022668764489
0.0202885357081
0.0170709381088
0.0287184616797
0.0197703895428
0.0198437262551
0.0122798562632
0.0195149004226
0.0139920145142
0.00989875814704
0.0107902312354
0.00960385273996
0.0066397809704
0.00604367702082
0.00748894727308
0.00496335194234
0.00349667433492
0.00453624121064
0.00214922769888
0.00200413109217
0.000695377604539
0.000474140973984
0.000605663786885
0.000209755342222
0.000171985596381
5.84385130391e-05
0.00028927771585
0.000150487662665
2.36443995321e-05
1.27697305181e-05
1.2317892256e-05
3.07461051583e-05
1.56643624294e-05
1.20568518926e-05
1.273788419e-05
4.08918626049e-06
2.40346222552e-07
1.00759550017e-08
8.3357941836e-15
1.01018423678e-27
3.46745450237
3.43082085433
3.2624051439
3.13839286866
3.00026868622
2.74771808549
2.59776607174
2.38050862953
2.48513577145
2.47388492929
2.30059067874
2.20206053802
2.16486662169
2.07025640788
1.90522989748
1.72623273068
1.9043187974
1.97243302937
1.89744335018
1.75850070173
1.93497480541
1.87283546599
1.82034678971
1.86985830865
1.87668260001
1.82836469604
1.83585609679
1.68748039782
1.70532503566
1.8527807819
2.08020034884
2.07395875826
1.84927768932
1.91272218881
1.95028761662
1.96117609022
1.73524164847
1.67664002614
1.63227604093
1.69279014791
1.74629863924
1.6717114184
1.68932208941
1.56400974665
1.39229994022
1.35184209618
1.2284750703
0.994168409178
1.03622949356
0.907447396929
0.844135714903
0.825212849808
0.809804537356
0.759604335898
0.870400605289
0.74268439987
0.918630225126
0.906308106955
1.06058143058
1.14494865717
1.13160665036
1.30775439511
1.21466429093
1.01237310897
1.05116600414
1.10544569532
1.1979354857
1.22456720695
1.20137884372
1.21684815326
1.16100893467
1.21842663842
1.24096846234
1.23514810725
1.28670843368
1.36263825676
1.15460306614
1.19351123602
1.24022770448
1.16912397361
1.32735007171
1.29501441318
1.30529950344
1.34218805593
1.35898637636
1.40506093394
1.35111261445
1.32512466097
1.33410278382
1.40366340211
1.50057302415
1.40220189416
1.52435038772
1.43231080738
1.54807716588
1.40823880411
1.41706470652
1.43504219154
1.47280004956
1.37152455944
1.38276891561
1.53119048205
1.49877875772
1.43603430158
1.48469422658
1.61492675925
1.74190923889
1.79168936217
1.74923616054
1.70746178292
1.79284782809
1.84592872726
1.82593946036
1.73784256818
1.75678489104
1.78694640362
1.84681827106
1.98760496994
2.00673600115
1.87586513305
1.76151543107
1.82919508713
1.83341993837
1.80110397625
1.85010757634
1.9897264281
2.01161937483
1.98000568587
1.99129586238
2.0317248293
2.0847495958
2.11772428777
2.04521798231
1.88619157397
1.8832583039
1.98569941566
1.94000647558
2.04375639216
1.8451511891
1.82100349191
1.92743705366
2.05279216017
2.25010423015
2.01096811276
2.17711565808
2.11108922704
2.04398320006
1.95460444266
1.9101802102
1.84845594365
1.68146125176
1.67155662768
1.83144658124
1.88397251914
1.88708028317
1.75514462659
1.75614153631
1.79842056927
1.85629246452
1.72933556732
1.66214934257
1.63478793241
1.71691099315
1.74328879424
1.90264773638
1.81063370335
1.86946152984
1.90414831889
2.00567152808
1.94562017229
2.09237479503
2.21365677645
2.37297831616
2.37133284049
2.50087334886
2.52125143392
2.73265444966
2.79444917758
2.82068625169
2.71565758
2.75806887705
2.86836375685
2.6185530992
2.4880573575
2.45517655426
2.4738328656
2.26091807117
2.2894144121
2.21316096396
2.09541241596
1.91587914864
2.08256976759
2.00875915896
2.25543266738
2.47447582361
2.42344295723
2.51477331802
2.64439793708
2.61158898242
2.52100324914
2.54954986756
2.4311260147
2.38625127346
2.32197952974
2.0707434547
2.14155407497
1.83950148084
1.78798577588
1.80892272669
1.71508343095
1.61204540807
1.55676099452
1.43418221754
1.35096120779
1.33832367234
1.19072851033
1.09575764441
1.04990132678
0.978588831017
0.979193597158
0.963655682375
1.0380285157
0.895670346477
0.964529455119
0.989355089976
0.986006913487
0.996560969194
1.04138332943
1.16167968734
1.21175043176
1.15165215184
1.28665174322
1.23674060201
1.24226750884
1.12267624576
1.07342236046
1.08665890955
1.02696659082
1.00820951258
0.946493528526
0.865293341694
0.850699750898
0.689140352722
0.791160789396
0.810656832398
0.789504963272
0.815652270351
0.708807942741
0.616073671145
0.689971707537
0.71110709977
0.790873255208
0.80105591412
0.774293289997
0.764909266997
0.837505136467
0.823612341982
0.929584291595
0.828333143017
0.917935726149
0.937372364984
0.960379188178
0.976891891441
0.954176681698
0.893513011996
0.880439973592
0.984861523583
1.0166877239
1.1002328915
0.943794872342
0.94025886018
0.848974138605
1.01120633171
1.1593241146
1.33692064086
1.14919416753
1.20834113943
1.00915969731
0.96799845663
0.948332913287
1.04558656219
1.02747460113
1.05785991549
0.938469449812
1.02907072382
1.02935865589
0.985455219229
1.11012984626
1.02080618445
0.985259110229
1.21510563579
1.07357045375
1.08183517198
0.994706015293
1.02623986455
1.08405971396
1.07325320312
0.959843358349
0.925872740583
0.782004555132
0.719294280222
0.735633430841
0.7934436146
0.691822039229
0.558591082897
0.545181073434
0.451205185854
0.439787682883
0.408631579874
0.393747982272
0.422429902574
0.359780952882
0.32691273326
0.293197406878
0.315957790904
0.271427558036
0.256146813068
0.250428858772
0.253071469416
0.211711218435
0.238946516798
0.251148814439
0.261930513347
0.264123075418
0.31721955093
0.26984926462
0.201655492779
0.243101367594
0.215045400674
0.271269729918
0.256755608706
0.218167960653
0.199882740645
0.1745270402
0.131156846711
0.114419374264
0.126546957155
0.152622562626
0.126942819263
0.13763144018
0.146316584446
0.118488352292
0.0994095711187
0.0846552578968
0.0744248765832
0.0628241955754
0.0371674230752
0.0432537304714
0.0286230765784
0.0244263003959
0.0242684167566
0.0243406966335
0.0215884700664
0.0210667645258
0.0223088179985
0.0175718447043
0.0115245713947
0.012083136892
0.0153567182379
0.0181014680805
0.0190137476856
0.0162333508339
0.0223994896847
0.0155742437489
0.0156117428866
0.0169436909802
0.0162758138901
0.0114937021123
0.00956649584344
0.00681239655126
0.00534576878014
0.004185099948
0.00243696035644
0.00222526571444
0.00127897602777
0.00134041633431
0.000487227412517
0.000311924058369
0.000370115843363
0.000717114543552
0.000915568829908
0.000810423010578
0.00084135238476
0.000867083483976
0.000579837052197
0.000552618669392
0.00031224790995
0.00035648967019
0.000570638365204
0.000479569812167
0.000537568819642
0.000712539816308
0.000615611003579
0.000738537890182
0.00044664216227
0.000497053603982
0.000384993346031
0.000199770743338
7.24305049578e-05
4.80623985338e-05
7.31413964211e-05
0.000112184582075
0.000102043411254
8.91550695069e-05
7.31347421005e-05
6.36784037368e-05
5.34799531174e-05
7.04211911337e-05
3.53206754356e-05
5.11744815143e-05
2.8682840725e-05
7.2198242035e-06
3.80568616714e-06
6.84596161128e-06
8.28219643317e-06
5.92612060554e-06
6.62893724341e-06
3.43798416359e-06
1.27263810845e-06
1.24166533029e-06
7.29422454687e-07
3.79946359135e-07
1.85157547372e-07
9.33495378987e-09
1.51724807805e-08
9.41834215007e-10
7.58017520927e-10
1.31647783691e-10
9.86272726781e-11
3.10828051355e-11
4.30536970845e-11
3.69126136369e-11
5.16993870421e-12
7.54559793213e-12
2.44354279121e-11
1.89535015353e-11
8.06317432549e-13
3.70801811642e-14
1.24519684861e-15
1.4619597646e-16
6.35935847088e-18
1.44126428114e-19
2.77929969264e-21
2.33797854943e-21
8.18413813135e-26
8.84001154576e-30
1.46372885998e-37
5.11902135064e-45
5.12817330941e-67
6.64696258593e-118
1.2021243986
1.24838498165
1.34234836383
1.26974621782
1.42314702471
1.44104299508
1.68251337661
1.72765095744
1.80418724564
1.64135640876
1.63699578507
1.68389384188
1.61778240083
1.73100896289
1.71994258154
1.67683713062
1.60104889063
1.42921283093
1.44830849795
1.51678530659
1.44413606548
1.390341309
1.53134268133
1.58941295532
1.540258783
1.38168707987
1.25771988612
1.3787383811
1.49390911289
1.65012481927
1.64596639688
1.78392757488
1.83620985885
1.99796900711
1.99293513546
1.79431349014
1.76732870144
1.9468568006
2.03204307453
2.13283105531
2.05523670131
1.82352375102
1.79282674725
1.68549656846
1.50988157827
1.60566599937
1.6254887834
1.58422181164
1.49566419609
1.31157548027
1.21551874073
1.13895482585
1.19724586426
1.1637080542
1.1479461068
1.12877970169
1.0669893271
1.0131582203
0.975594639453
1.01911497007
1.05157871801
0.992906451842
1.06720583741
1.03673644601
1.21402957875
1.21609879471
1.29333810293
1.3315302371
1.33320090092
1.12036438044
1.13954694126
1.20130770497
1.08840817168
1.18266572867
1.20329025944
1.28450175759
1.28266495008
1.34303816416
1.41132129181
1.64510114252
1.58857200752
1.46024331738
1.4436834208
1.41698250924
1.57955474145
1.53562405332
1.36975889166
1.61000809924
1.50618169886
1.61944662685
1.69818281758
1.48065075765
1.41799303673
1.44554253458
1.51726845131
1.59135048484
1.55335323093
1.64587108833
1.96272604331
1.91913251483
1.94060960242
1.82953173287
1.82597882732
1.97365384191
2.06602082894
1.95350083113
1.67187073768
1.47103919212
1.58464233489
1.69569187154
1.67881031975
1.74307464218
2.13285911888
2.17821467751
2.01921697472
1.96797688013
1.82742887327
2.05991285637
2.00010339165
2.00964738412
2.07989685442
1.9037105508
1.71895628163
1.71431756213
1.81792080222
1.85482244389
1.82266029172
2.01924969501
1.92648523314
1.68402945002
1.5268104068
1.43627707771
1.48498550949
1.53901168412
1.36806927722
1.36460797021
1.43922689055
1.64018410731
1.65767347573
1.78985935911
1.8193694143
1.95181111163
1.81133804804
1.75549633338
1.75813156246
1.77050864167
1.85060514025
1.87296605176
1.82001507788
1.84662977186
1.89259883103
1.73502360922
1.66140867249
1.53754568315
1.42011005144
1.43764376363
1.3440601922
1.37396166424
1.26169734747
1.17188652401
1.23146890995
1.04187082847
1.04518982586
1.01369459493
1.03942142034
1.05061884035
0.996628929432
1.10314766513
1.07512103072
1.20975646092
1.23602148321
1.23333760607
1.35640611424
1.42743296759
1.27749532581
1.32039326536
1.42761732003
1.41109303738
1.39165666996
1.28670021979
1.3798007077
1.30090196965
1.17146617082
1.33524199841
1.1478661357
1.13761514279
1.12561834107
1.14683976184
1.41413404013
1.3659667911
1.38685170549
1.40269610554
1.48345664587
1.40703881944
1.45328508455
1.5166196011
1.16111202308
1.07188440601
1.0086456227
0.912599042984
1.00633367271
1.16545630823
1.31099337836
1.29712255491
1.36551258843
1.2831889659
1.24385277329
1.19033529795
1.11654653759
1.16432386136
1.13064162098
1.25004143782
1.355552737
1.25762764148
1.20385919949
1.23678838149
1.34113214366
1.32072320551
1.3643504722
1.10842836184
1.22073298812
1.33295692098
1.55679353396
1.48635135911
1.64893020354
1.59249131174
1.7804385852
1.86510886404
1.83363874865
2.09989849883
2.0639381445
2.05433303598
2.35877631996
2.73518592099
2.59895598136
2.56220688526
2.67011008841
2.60353916323
2.72421995666
2.83775904115
2.74062484554
2.56371281198
2.46984709417
2.44184442077
1.97497947639
1.88578124702
1.96506971469
1.88735369441
2.0290038923
1.90506535923
1.8664987563
1.92789604637
2.05255922915
1.94210786554
2.20559495695
2.37856745917
2.47914632106
2.37376440497
2.45277015632
2.72892044966
2.63616551317
2.72502591371
2.47356480587
2.50428117665
2.38877975497
2.511426342
2.34169214081
2.58709078654
2.65265593645
2.72538186905
2.76459959672
2.5240891081
2.26482485887
2.68005631538
2.93245401084
3.17333609664
3.57435847532
3.80307878013
3.59049500972
3.32026441502
3.32621953262
3.05297932763
3.11806249106
3.20821203884
2.94410285941
3.12980064055
3.43966126405
3.2136799104
3.32081739483
2.9817880899
2.61922412646
2.50635439091
2.34104363538
2.46644121258
2.53717013475
2.63446994747
2.71390738891
2.89742033669
2.69438030141
3.07042111938
3.1102774285
3.07027894253
3.06229157882
2.6691138398
2.68204285923
2.53552720876
2.8849852062
2.71274503223
2.98147276392
2.6129589626
2.42667733199
2.22569946361
2.18079524795
2.04658987163
2.42740735302
2.44849025316
2.56016808529
2.60066635495
2.98181888113
2.92587422314
2.7574047189
2.51873859837
2.66232535245
2.50774696176
2.85538190691
2.73514864307
2.63855935061
2.56752638825
2.43380009476
2.36050506208
2.54772996072
2.67644055919
2.78310516283
2.76854512764
2.80256235469
2.74682392723
2.55515622425
2.43884102934
2.47866702282
2.37522655414
2.73120454146
2.68014676876
2.48495657639
2.20386767972
2.22036313104
2.14670077256
2.02551198392
1.89215213206
1.7790948287
1.66428650512
1.46682016552
1.58872542745
1.35110536811
1.20406071347
1.14769620582
1.16040885519
1.22305651764
1.07105977368
0.902909021702
0.820368609048
0.762034453007
0.796118704621
0.837033567391
0.817510254637
0.952286467373
0.928717218698
0.819790813582
0.672317867212
0.645822349316
0.643247391409
0.554937537244
0.487522798619
0.536429628962
0.521164099127
0.516448891647
0.524067456624
0.56577255332
0.585684269675
0.597475401138
0.627471473488
0.640424143647
0.64057164388
0.497049557563
0.489195970222
0.46488614776
0.400981849844
0.424172377706
0.472927564062
0.541977630871
0.486697584379
0.514361517356
0.506325514698
0.520923086139
0.611333582458
0.471192270118
0.607401410222
0.568321784964
0.594746069246
0.633722884133
0.545462775291
0.700958853259
0.636754467749
0.762418121885
0.802387257031
0.725366351057
0.794879596333
0.699316711032
0.825886216479
0.883483588047
0.792159750308
0.780994489046
0.781380573159
0.902346200644
0.838445684555
0.814343846115
0.736973701781
0.78439537286
0.776699845106
0.685011611671
0.598398059753
0.6873633914
0.594576954326
0.47356611638
0.545729294503
0.49960170549
0.534006647796
0.586949884006
0.608572458072
0.559740103841
1.06423746616
0.466793249527
0.433091406558
0.447522627459
0.625860711771
0.0818576920962
0.099100699457
0.133597675181
0.0796481619405
0.0673550216888
0.050583271308
0.058654481393
0.0190220964103
0.00552734652485
0.00255444799718
0.00108618644196
1.49557650497e-05
2.18370210573e-06
2.20426348737e-09
5.83917491907e-13
1.56879007875e-24
3.77406585753
3.94018183614
3.8135006462
3.92737511294
3.90719676635
4.21224142616
4.28755369378
4.16876362495
4.10713418022
3.82993607632
3.93194134111
3.95452629165
4.00165517791
4.18539747181
4.335515828
4.37250848323
4.4273012322
4.38331165266
4.24451260911
4.45053578136
4.38589000241
4.3432708207
4.11205786572
3.88279098041
3.94101901207
4.23888603118
4.06339021015
4.10129325835
4.16587511177
4.17129761267
4.42932148683
4.42384424971
4.5584885429
4.59843655009
4.81818588747
4.67327182912
4.47313639222
4.36668867528
4.55548167247
4.54370642037
4.74561550442
4.6964164841
4.84180970922
4.97482130995
5.3296855165
5.09107216475
4.8185272836
4.87183697329
4.81605409625
4.94472273037
5.10771988048
5.1619438848
4.89423406411
4.70572729897
4.44782280962
4.55520948324
4.31990736982
4.1363330857
4.33819221844
4.72848115681
4.60310320506
4.45321739973
4.80580489561
4.78158252752
4.84513484672
4.76427712807
4.7814315182
4.4414888568
4.86855514927
4.7219022023
4.70257468087
4.50860514242
4.51250110222
4.34226816913
4.36622748879
4.59809250445
4.65217395652
4.80826697003
4.82439808545
5.00473812682
5.07281178342
5.21330720774
4.40933884022
4.29906125054
4.48259829896
4.44519925666
4.28042380504
3.95150705562
4.3448693607
4.00239881557
3.84070120623
3.9462623367
3.76505774049
3.4673281642
3.30097141335
3.19936615739
3.51879583471
3.33798162588
3.29926321874
3.14550515856
2.95851610255
2.93469770717
2.88543295738
2.90756004814
2.7751075533
2.79499464605
2.97362292133
2.89923492795
2.59554564333
2.75447113074
2.84986233381
2.71473253871
2.55050233539
2.52158163931
2.46289126584
2.65266848413
2.71928247635
2.40900347745
2.56974600835
2.66481783579
3.02429868726
3.35657246514
3.30708353706
3.46669572298
3.51773001969
3.7633378307
3.56684989031
3.29117689627
3.31052118685
3.41450540319
3.10785143354
3.06754679192
3.25658244615
3.16032825799
3.26961689305
3.37842743801
3.31849925346
3.18571343354
3.31837174427
3.40106674202
3.37646952348
3.22580652525
3.26603810328
3.04090723638
2.95064363035
2.87996775567
2.84017070364
2.83368946606
2.58266974004
2.74609553168
2.51864316342
2.68196642225
2.44174181108
2.09481443563
2.04914173121
2.07661998644
2.32294301092
2.33591108862
2.48204576451
2.45426589228
2.52581122896
2.44749718913
2.57323777121
2.45501929073
2.6889154281
2.51182059461
2.39052215505
2.4267868198
2.25825836293
2.7009977598
3.06615144962
3.10910161222
3.59836626846
3.97163513281
4.20762272338
4.18266039216
4.47805280698
4.48068236966
4.7313713783
4.6502876523
4.67058829442
4.45996994875
4.67084511184
4.8542334728
4.84978002095
4.67827550503
4.40916892812
4.333186377
4.40981359032
4.05041209305
3.98047915773
4.80024473203
4.37806260286
4.21326085775
4.14424272861
4.12436284731
4.02681649811
3.97645672583
3.8929626547
3.97809175746
3.74107974626
3.61644532421
3.80762968983
3.9691523638
3.76487195152
3.78384442973
3.60600187469
3.54442994271
3.610555989
3.80753701652
4.07012560984
3.77989430038
3.96620912709
4.10628267886
3.610873658
3.54966061522
3.74792204765
3.83152465474
3.55531659021
3.66751839221
3.23055103689
3.21209848391
3.26755131599
3.14829102762
3.07418831044
3.34606891448
3.26871222563
3.2280405269
3.00147933134
3.0197526291
2.66288550561
2.80674813892
2.57669634153
2.67595138021
2.67990872172
2.64516032212
2.66058082439
2.69425163985
2.68649120113
2.7744024438
2.59786379364
2.60691864676
2.50490644341
2.63736440893
2.54794523761
2.46579640605
2.60982171377
2.60102136632
2.69849369297
2.95156275966
2.8493128065
3.09482442979
3.13430237483
3.45398796097
3.05550103992
3.61099462774
3.63237631302
3.50656088111
3.31010827187
3.16019026951
3.19958289153
3.10295828686
3.04853957401
2.7902220188
2.68035585825
2.8597826615
2.98377262488
2.78993797909
2.78956575296
2.72218238654
2.71441010718
2.7013916484
2.6896630045
2.65761151198
2.33588979824
2.09952750428
2.30945875962
2.34587886672
2.44150036541
2.26099186929
2.14291914197
1.9736019028
2.06272796817
2.03050247956
1.87309310506
1.95283944454
1.94568855023
1.95003493489
2.10202957574
2.30266344576
2.39215466358
2.5579022611
2.78471184894
2.66894668625
2.35262264148
2.70118568789
2.96902660667
2.79584835612
2.70498610453
2.44026094758
2.13347751972
2.06567227789
2.0132246825
2.04454536624
1.95778756533
1.96022334822
2.04382754595
2.08554458415
1.85420666493
1.77206472587
1.67331928174
1.76678400114
1.82878082196
1.74828631274
2.01602056205
1.70105938804
1.73919896016
1.59864749884
1.57282774746
1.35856278859
1.07719000141
1.2252961466
1.24588763465
1.22311744778
1.24413080227
1.27044908557
1.35804018698
1.40457100244
1.45016310841
1.36824495262
1.49739374171
1.54261878715
1.51002267796
1.75158998479
1.56542622633
1.47893580391
1.45874458356
1.38947574402
1.40748355347
1.52111303516
1.36275064229
1.30389380645
1.12706476817
1.12153376494
1.12430528704
1.19347767052
1.20991097258
1.17269059589
1.14095086558
1.08254077483
1.0144617636
1.32248763189
1.37415823782
1.20117823298
1.07177323178
1.01101967967
0.988262244591
1.13797504458
1.01243853616
1.10986350064
1.31364065034
1.28701742749
1.21576054719
1.03847356874
1.03630067312
1.05815160019
0.908683614062
0.936857241771
1.05262248444
1.07431672887
1.05540227409
1.06582273024
1.02449388842
0.954425909251
0.990074184294
0.909455357947
0.880958565854
0.837052647595
0.937772351572
0.897222126651
0.965832391514
0.953734582734
1.05360324162
0.922926596774
0.986156244969
0.824792067852
0.889440624377
1.07670259369
0.89820952264
0.790048872598
0.820417695641
0.71133722245
0.650595433376
0.536685052686
0.357070237138
0.321859217545
0.291718882625
0.303408401411
0.222021521071
0.23612374544
0.192315957867
0.168230363687
0.194029707142
0.168277941757
0.13021771367
0.107418130634
0.0707665518296
0.0764641577591
0.0878654665714
0.117979250071
0.162533095568
0.143854238806
0.118071263975
0.0884116236966
0.0919177170802
0.0931623418901
0.0816430662079
0.068921489001
0.0556136880819
0.0588478114153
0.0474273869854
0.0290953550707
0.0630080135545
0.0559868631901
0.0454805152003
0.0247722572649
0.0150879008874
0.0158328115495
0.00977826050462
0.003615091448
0.00850287185421
0.00661105150956
0.00325852820805
0.00570073627716
0.00656092167319
0.00657337605907
0.00410379820027
0.00385967875537
0.0060516112804
0.00401643868939
0.0015205778135
0.00118996803233
0.00245409148048
0.000588328828546
0.0014335194718
0.000506150926061
0.000180092218279
8.22303417065e-07
1.25824213167e-10
1.79755908292e-19
