12.7377454084
12.7954103242
12.9179542897
12.7973286249
12.833138648
12.4385181995
12.460219468
12.7831855902
12.7096865996
12.8085503576
13.1103787348
13.1230948367
13.6095069885
13.6116825714
13.9838849254
14.278644019
13.6824635504
13.5206030792
13.297330349
12.9252576688
12.8017818043
12.4338652966
12.7143041564
12.5127047349
12.2335375197
12.0031807233
12.0239408246
12.3876425502
12.2723731214
12.1202152495
12.7655302109
12.4678009263
12.3963381049
12.2882938938
12.6215056004
12.4422704055
12.6148479014
12.828327552
13.1478659284
13.2977166291
12.8369622393
12.7259841517
12.9438885746
13.0773299752
13.0717271945
13.1498738103
12.9593690551
12.6967177267
12.5585071282
12.5004621764
12.4779059217
12.649308308
12.7117534336
12.2602813069
12.5848051208
12.6849558211
12.8060526855
12.6251414327
12.1366313842
12.2060633188
11.8668961993
11.684204731
11.9046758058
12.1795284202
12.2228235871
12.5746365227
12.4052957586
12.3844244184
12.8066639859
12.8186960705
12.9238588059
12.7298869969
12.7339985528
12.6993552505
12.4947231021
12.9484877864
12.9508698344
12.8492771125
12.9198125281
13.292666354
13.3622195728
13.4595474147
13.21957446
12.8204031646
12.993150008
12.6608287672
12.58414264
12.6066868041
12.5478888215
12.6641171781
12.4579483812
12.7733656297
12.7890495644
13.0671919265
13.0579648363
12.7863709354
12.9742240241
12.7854833586
12.7830481014
13.0118496342
13.240049605
13.4698290745
13.5346040654
13.3347342394
13.5174781844
13.3052098639
12.701787996
12.6432554521
12.8799620899
12.6156769849
12.7195122933
12.4637010101
12.4636524423
12.574735623
12.1128785556
11.819009673
11.8149772224
11.7964480703
12.3238765368
12.3588254224
11.7920382404
12.2652771031
12.5591958488
12.2431211542
12.4171204095
12.2821065678
12.262423189
12.3623736127
12.6787460241
12.3652549566
12.3687139432
12.5202568546
12.4245651077
12.7310524823
12.566187849
12.4334780847
12.4918608688
12.4236313375
12.7435668177
12.7530468826
12.8157563041
12.9827936427
12.9058946085
12.5089837078
12.2203935173
11.9382654827
11.8347875038
12.0246142026
12.1394385225
12.0290138245
12.1844940504
12.2156021618
12.1168704621
12.1621632932
12.0561644303
12.0801772219
11.8729006239
11.6768925081
11.9349083816
12.2548437256
11.7930506802
12.0409312493
11.5776781938
11.4669323207
11.8846071283
11.9249023326
11.9351628932
12.3742860783
12.1359668816
11.8735476574
11.9839456417
11.8963796268
12.1378635675
12.0228899618
11.9280150098
11.9490418217
11.4834669986
11.8450078954
11.4025371589
11.3932271873
11.8739934824
11.9346911178
11.7372490438
11.7517562825
11.877106894
11.9165889104
12.2133417892
12.1864288592
12.3360788451
12.473112796
12.0610165864
12.3376662109
12.6567611251
12.4653783687
12.5489790006
12.6367235591
12.7328757714
12.8713323415
13.4651920322
13.6321462205
13.3129295095
13.395942037
13.8428377955
14.0395348309
14.4053548377
14.4349782982
14.3447678138
14.4509393872
14.5826243738
14.8858700763
14.5950002918
14.332903873
14.4106573428
14.7170237414
14.5474666084
14.2609654023
14.5599169872
14.8350397133
14.8550349149
14.5470186597
14.7366608148
14.7279661659
14.7601962516
14.7070331344
15.0067973455
15.139184461
15.4697073819
15.1789515405
15.7443067183
15.1964936542
14.8451019274
14.4522270042
14.5119746495
14.1751628002
13.9460879387
13.3193478706
12.9467029594
12.7208833937
12.9240771583
13.0768103251
13.204473333
13.3537450468
13.1256028259
13.3917421819
13.2557806602
13.0888910893
13.0563636815
13.1447012416
12.6264242409
12.9265016705
12.4394483817
12.3348562671
12.1567018053
11.8125163809
11.7355548921
11.1551380265
10.3386683159
10.3474572047
10.2982152602
10.2657358813
11.0867906023
11.3547773811
11.7120211523
11.5779515574
11.3920946932
11.3980281285
11.7217022704
11.8218788772
11.6563553452
11.6596169284
11.5465085689
11.4003998634
11.1413362892
10.8289984593
10.7175426174
10.938071706
10.8774512501
10.4321503487
10.5741690809
11.0015207448
11.0352731723
10.9565006025
11.049944452
11.0792243166
11.0277746709
10.9639573119
10.9195339532
10.6698714756
10.4780779913
9.8972681098
9.888374918
10.1082958747
10.161275666
10.0026547539
9.92995085573
9.54251333344
9.76084288405
10.3386992855
10.9291998776
10.8541735626
10.4996799567
10.5901141662
11.1411392506
10.986534188
11.2723288584
11.461702319
11.3376407576
11.4177528097
10.9597660273
10.3366123988
9.83859532135
10.1320150896
10.2178193186
10.5053162803
9.90675098618
9.64303147549
10.0545498733
9.51078187558
9.70598025396
9.45742406418
9.73808288435
9.72566803164
9.35881393532
9.13611506002
8.92763451332
8.46884116067
8.14452340216
7.87420915665
8.18982767173
7.69963420949
7.33115788598
7.14613207962
6.75473858915
6.59501195926
6.74730570587
7.59935468509
7.71092066936
7.44882991312
7.57252331848
7.29953991685
7.04595722291
6.66532541564
6.36438063815
6.5564091273
6.31116324584
5.94663954348
5.88138035604
5.83378910702
5.53069095195
5.77888780316
5.18924203282
4.79217808247
4.90000957284
5.38233564579
5.64027778339
5.69533198548
5.5464576548
5.1095732285
5.15405706094
4.83566644111
5.0705257857
5.26438463658
5.52213200152
5.64173985219
6.36779881319
6.25253163311
5.99417645136
5.60720062795
5.5359744258
5.76678004392
5.45516657451
5.56128209512
5.31284198169
5.31355651508
5.60461996216
5.61599606889
5.63660747087
6.08908091867
6.27665603954
6.93796700928
6.8376977311
6.82280436001
6.65767735964
6.48258612742
6.45944951535
6.24602532402
6.60518214824
6.35852956521
6.61841201679
6.73582861822
7.00078815028
6.96636926425
6.88899774747
7.30555945053
6.93550139987
7.13903969691
6.96535558778
7.21062783895
7.03970643293
6.84218664536
6.63516598756
6.845665526
7.41650982518
7.68004538931
7.59367663167
7.7782544356
8.04184208564
8.17432410119
8.0742344722
7.89326918147
7.71240114298
7.68761304006
7.58016223224
8.39733537518
8.14458393885
8.14972171634
7.71450462008
8.51439850041
8.05584652284
8.1188814325
8.1129528621
8.22201594634
8.08741147867
8.1535234634
8.67077146919
8.31080804324
8.076939146
8.16143822246
7.62318929319
7.60483504315
7.27089084341
7.23297421142
7.56164915582
7.51233280194
7.69992033885
7.80454127279
8.14422820867
7.15147740666
5.8225898645
6.02573989567
6.73521302604
8.06825442104
7.90809458856
8.35863595023
9.06799341981
9.24714182183
9.1463784059
9.45267067594
8.71764034626
8.64286657224
12.2927879458
12.5006081735
12.0371750558
11.6794698946
11.4920069497
10.8977605284
10.6687922514
10.3687630999
10.21060858
10.055725513
9.67349665635
9.56933003727
9.36785596054
9.05786744235
8.54795577336
8.02810250631
8.65000815827
8.59751969094
8.33197175778
7.97190595898
8.88292262612
8.46996871801
8.27886412624
8.51263034701
8.33756010583
8.36279289657
8.43528171953
7.99761146607
7.93626280737
8.62225920882
9.15875685439
9.20141022757
8.81462211914
9.02258646557
9.24418473177
8.94922898864
8.35800817071
8.40411398676
8.23587204169
8.29115146614
8.52663588422
8.26049398204
8.39974192823
8.07312129958
7.64532025976
7.41074232906
6.94779236325
6.44354427456
6.60738775466
6.14973085986
6.1774212395
6.19426037895
6.08010196472
5.93392010297
6.31783693218
6.15130793122
6.66495342816
6.52199562445
6.94392661214
7.25380835312
7.17580213564
7.58825187984
7.38628625408
6.79423180611
6.76467746774
6.62171323924
6.80017180737
6.66952031376
6.68223992233
6.77173240217
6.47638636039
6.8379244591
6.78028727889
6.61306908404
6.65430828304
6.53957410063
5.62365777907
5.8191969206
5.76366332335
5.64874962624
6.32992411419
6.13668528277
6.1652308782
6.259810354
6.40974194763
6.71415313937
6.43878874655
6.32477633137
6.37004867992
6.46613789251
6.62612958649
6.15201561247
6.46494253322
6.09810399743
6.41616117277
6.16152068806
6.16827046565
6.12465452797
6.27612738339
5.88934029232
5.97720798749
6.45312788278
6.47083366806
6.27914876436
6.49705578648
6.99526896122
7.36498200931
7.34295397316
7.16222487564
7.1595849105
7.38623591555
7.58219043838
7.66747665603
7.30987489668
7.40016540218
7.43383053736
7.69299927105
7.98563412157
8.35330723524
7.73691186442
7.51663388892
7.63185914297
7.6493561446
7.73814181316
8.06693785548
8.38800748092
8.39815191986
8.59360507372
8.5505036333
8.48398410305
8.51494621964
8.36338481028
8.21627150545
7.87478816232
7.69437501292
8.08227050318
8.12107668633
8.38886092425
7.78169487507
8.03374534047
8.36140167475
8.67396469594
9.32082446358
8.72020131866
9.43887557006
9.23813364644
8.79498929932
8.56629820264
8.40200191428
8.07997576242
7.50082102713
7.50809006904
7.84952107136
7.95041764338
8.12860994346
7.81656149636
7.89466047813
8.19778742281
8.57266114348
8.47432298925
8.27394731359
8.26491975514
8.41786526306
8.4668617169
9.05878572046
8.88875834222
9.005623287
9.36131177908
9.73942595082
9.64717829842
9.96107576196
10.1520025288
10.6853786898
10.7330465823
10.8988081352
10.9866866829
11.6718920177
11.9463243271
12.0710291245
11.7697403259
11.8439353096
12.174017905
11.7634083652
11.5405434559
11.4093429608
11.5288327599
11.1495555132
11.2753513415
11.0971679296
10.6766754443
10.2248368037
10.6852507452
10.3798198351
11.1964610801
11.7547419918
11.532577282
11.6463642742
11.716337526
11.7028046728
11.4786378995
11.8033915717
11.4240624314
11.2382082708
10.8352502647
9.90168560071
10.0611985232
9.19875029192
9.16985733308
9.09323018103
8.96172459468
8.71211979008
8.67097941779
8.45077886283
8.44198486185
8.14388294258
7.67252907196
7.68762751448
7.69140348389
7.52709527082
7.3822579641
7.5783394742
8.18588873011
7.72559843408
7.7755313078
7.93967503339
7.84411991551
7.95243555546
8.13610987107
8.75189647317
8.90804301428
8.45383474613
8.93924937249
8.68095765993
8.74078705317
8.3611835586
8.16095263369
8.28823504125
8.1734444015
8.04775217868
7.70776043846
7.50274682648
7.56384120596
7.25519920885
7.767653056
7.85952060786
7.8344290554
7.9819286519
7.78152185388
7.43243801952
7.9863500645
7.94270374379
7.86309996873
7.59838673778
7.49791451364
7.4834857283
7.66168026538
7.67148510187
8.3608632843
7.7241764021
8.06219768114
8.36213791871
8.59531205617
8.80838461583
8.77277156609
8.3884421861
8.22937988181
8.52655770973
9.05171270054
9.27971980058
8.52160956452
8.67040945557
8.65360542067
9.23240901717
9.79048377807
10.1832078426
9.94030896363
10.0197135273
9.21515241377
9.19420207936
9.15883374197
9.63550980371
9.64324089486
9.63366401403
9.40543142415
9.65720486275
9.60257896224
9.26339281132
9.5746534175
9.17074768702
9.2248172938
10.0101005612
9.3536665646
9.38708382451
9.32899980307
9.43802286783
9.73246641392
9.77186772551
9.38164762566
9.46053136807
9.07320474764
8.58041158939
8.69121235299
9.0812970265
8.61921645038
7.99283567937
8.00790456081
7.76389728121
7.79137130525
7.60126962048
7.48534718717
7.57935158305
7.1463927152
7.02465222228
6.85415305566
6.94757155365
6.83451980586
6.76807677833
6.73299471612
6.6382920024
6.40111478331
6.66679889627
6.60468331007
6.81914783133
6.69588448794
7.06989678812
6.55028187289
6.24596927622
6.57957352967
6.72574099355
7.05262765379
6.65876271418
5.95628683426
5.84059724828
5.53867056254
5.3110154694
5.09433999049
5.08057999739
5.44822589847
5.22307967728
5.34349600141
5.44862721332
4.88069894507
4.51327977694
4.37725670614
4.46150847769
4.34510806137
4.0398658526
4.25817728867
4.08515098494
4.09595427328
4.05620855384
4.02365965776
3.7958579848
3.95463385883
3.88336917693
3.79346645174
3.44265688222
3.39988494305
3.39340017498
3.31844260483
3.35311905051
3.29685652533
3.68400649339
3.62706671797
3.29988109563
3.37415071805
3.35328556175
3.08599019349
2.89420665908
2.87439668268
2.92702032828
2.80789500954
2.71424754955
2.94650239908
2.66584070883
2.64480402972
2.50753139821
2.36728202073
2.4396468123
2.48036819264
2.28274209218
2.20327271732
2.38317706145
2.42919167475
2.21027397907
2.26630331879
2.18227544739
2.28655521198
2.52273051614
2.7329198324
2.88050996264
3.00891286683
3.09876809879
3.37132371169
2.90617150041
2.94073939141
2.88607698306
2.50748784881
2.24558683555
2.12572023927
2.29064408525
2.39782250725
2.33195242546
2.33723357776
2.17769648818
2.30257824792
2.30976958057
2.55965409314
2.60121785517
2.79031267308
2.61241571804
2.17548135288
2.11590042323
2.27434521587
2.72718564491
2.82842553989
2.85940307384
2.73510395524
2.66414700423
2.7784187751
2.62413596918
2.46160920278
2.57341113574
2.22271394803
2.36812523983
2.23142297818
2.50360144643
2.35223450753
2.4276064029
2.18999231555
2.07861218965
2.02572113972
2.06804511935
2.12140507907
2.24772718998
2.39948665999
2.37305490214
2.22274757999
1.92966864785
1.87353547051
1.80175417796
1.93638332442
2.03940542427
2.26040707406
2.17701697623
2.23636845184
2.41072112528
2.15546653551
2.07822154143
2.33058959469
6.85922585379
6.94783677048
7.21712529442
7.0686385613
7.56222572557
7.54490612761
8.06447680509
8.28091869605
8.44377727204
8.37209616136
8.30433108272
8.59702175511
8.25258501662
8.45534125962
8.43044200142
8.37288346512
7.93453793395
7.6006795918
7.72297879357
7.9202517739
7.93401270758
7.77525354394
8.27246617758
8.45195288925
8.26517958506
7.8536090883
7.45855032561
7.82967094205
8.009931208
8.41577476857
8.41841635612
8.6578509645
8.91644729039
9.28162940712
9.29429041836
8.89924524834
8.88951896925
9.27622952562
9.30423896064
9.56424647552
9.47618519603
9.00506085545
9.01792518892
8.9208373469
8.67378190246
8.79136178985
8.95148778466
8.60360584143
8.27609622193
7.84443517429
7.70651742376
7.53043847117
7.45545396465
7.39210117165
7.52561280409
7.52230862254
7.56034989445
7.51018545882
7.51453935782
7.58449537327
7.74204159781
7.55640882371
7.62031859472
7.57459730655
8.03530626347
7.80522374761
8.01353475085
8.25111123959
8.21791886332
7.83298177265
7.71582188
7.84355222683
7.67470126264
7.91530183662
8.06621224626
8.20878873317
8.18781702815
8.21132258775
8.28770158511
8.85210596779
8.61810100753
8.35381284641
8.17642769188
8.12966233346
8.6125736993
8.81388317438
8.42543279839
8.73547067397
8.47420763859
8.8247187248
9.096165827
8.53999465928
8.52313463511
8.5228418735
8.7194705201
8.90629961285
8.98520355596
9.17655521255
9.84640298306
9.68984197511
9.88554937314
9.84962636861
9.90580171248
10.0398241477
10.3209121355
10.2865009231
9.82472168276
9.66273967344
9.83975494863
10.2368422862
10.2007871508
10.2186190878
10.9722540626
11.1306665604
10.8105602015
10.757686978
10.3221287215
10.6727152335
10.4417610034
10.5698855795
10.6769015841
10.3665422408
10.1649020419
10.410074319
10.50509567
10.7204703429
11.0464279459
11.4236914121
11.3720094387
10.9061485236
10.4173288386
10.233197937
10.2848616347
10.22693453
9.90536342276
9.89341804107
9.95663222986
10.3337174411
10.2172775083
10.2086250266
10.0911958703
10.5580284033
10.4238211834
10.5896738851
10.3853098722
10.4282728394
10.6859324713
10.7319650257
10.7345467014
10.6993121098
10.9310294261
10.7886553821
10.4872063176
10.4562722413
10.1375684286
10.1612226306
10.0999743854
10.1846923655
9.96420987206
9.54103333146
9.50975675782
9.27718263218
9.43121999729
9.60120620647
9.58382360897
9.75303575444
9.89964267761
9.96865303155
9.88405988653
9.8805781812
10.0902396375
9.84039249025
9.9329564482
10.2708162514
9.79770124578
10.0720446681
10.5730784849
10.4614670087
10.3162243307
9.7888310509
10.1708872795
9.81798431537
9.85330508471
10.1060524205
9.73399733335
9.87654480775
9.94563891791
10.0026774844
10.3342278888
10.123346396
10.3844396366
10.1491047817
10.2028028967
10.0003750247
9.77757811533
9.59604336078
9.13818222123
9.07724702009
8.93901733974
8.43650360829
8.60492259585
8.90597838823
8.83542271193
8.56988752575
9.06226153546
8.98864381926
8.70397437448
8.34444085654
8.26959018221
8.4665235222
8.3741643951
8.97742993926
9.12048482811
8.73197814166
8.70439374928
8.78485269771
9.21813814139
9.19436248325
9.41061304804
9.01092263281
9.39764063135
9.89535455837
10.5940206677
10.4885621784
10.7957938237
10.7727170946
11.3381271721
11.6379071958
11.6843063696
12.3653734095
12.2629762102
12.2578080457
12.9741001421
13.5466906616
13.3464071306
13.3366165305
13.4912388551
13.0844800247
13.3676390044
13.5584654102
13.4813228546
13.300621292
13.0964154877
12.7881263347
11.9006027731
11.6040026696
11.9090006372
11.8939794969
12.233086603
12.1602611834
12.2927457628
12.3708012996
12.8057041879
12.3969293992
12.8000712802
13.1448271534
13.1706098709
12.9516386902
13.2333531419
13.7433497229
13.5735400872
13.7401423245
13.1683687539
13.4250091447
13.3589567519
13.6528527303
13.3970164109
13.7770183563
13.9242134091
13.890139397
13.8438380901
13.0718792588
12.3987612651
13.3490132747
13.8450612341
14.3266957417
15.2051729331
15.6693021351
15.4782013919
15.1307893977
15.2442808566
14.9269329863
15.0274823582
15.1160867163
14.454451561
14.8066793211
15.4256827575
15.1333945024
15.2956488722
14.5794368075
13.9850498452
13.7974876122
13.4469200527
13.6715656174
13.7605071824
13.8847604183
14.1317826211
14.5384533225
14.44728085
15.0551268378
15.1679250896
15.2026822193
15.13714513
14.5328347788
14.5155570563
14.2842443897
14.7934154493
14.4846955351
15.0234909316
14.1897278086
13.8078975733
13.4364366066
13.481472953
13.1944256238
14.1584147544
14.297118965
14.5830455143
14.746666852
15.4929590673
15.5235768857
15.3423515348
15.101670728
15.4676802737
15.1449783197
15.7909630534
15.5202303444
15.4067259507
15.461764296
15.1930949204
15.2396216779
15.5713277393
15.7784430991
15.9241315881
16.022388263
16.0704278435
16.1045257685
15.832687295
15.7221918348
15.7587782139
15.4988869963
16.2102128138
16.0465698229
15.6127455621
15.3565955468
15.387866163
15.3160462973
15.0066928345
14.7631496393
14.5456007733
14.4538877312
14.4974723567
14.911945587
14.5470464392
14.2239575815
13.9669764511
13.9506104368
13.9580658409
13.598910784
13.3831835559
13.272390485
13.0559566992
13.1322873976
13.3010788152
13.3870299004
13.7707501549
13.6105269253
13.1540803673
12.801346387
12.6809866024
12.7710608907
12.7800855546
12.6388899232
12.8126309395
12.8956356829
12.952986195
12.8389409934
12.7591763158
12.9781567759
12.7854215063
12.8992806201
12.9365102716
13.1058346855
12.6423749675
12.6189084816
12.490083803
12.4395834382
12.6588257062
12.6939326931
12.8610269669
12.4993623128
12.7300044655
12.8757659412
13.0089794647
13.407072482
12.9843165012
13.4446972785
13.3076083126
13.5028267376
13.7676376296
13.5407687551
13.9810324415
13.8272486679
14.2477992514
14.3937632107
14.1481535131
14.3239626939
14.1503251968
14.4463259184
14.5834357654
14.4123305911
14.2951366422
14.499260936
14.7322263121
14.7191751758
14.6740428045
14.35802523
14.5737517375
14.5443075019
14.3629099171
14.3737735567
14.6077197064
14.4850471353
14.2521574023
14.3963716526
14.3623062372
14.4886996016
14.7255562791
14.3451587692
14.6259160248
15.1074008018
13.195742934
13.7325666039
13.6054991744
14.2665899088
10.797047654
11.5711161974
12.3071197419
11.5892631044
12.1727326364
12.1060503372
12.0964801599
11.0910623225
10.5845539123
10.4185288404
10.373131984
9.21052925887
9.25181618696
8.71953138576
8.51834207398
8.25928300316
12.1847914429
12.698589391
12.5698946217
12.7287828766
12.6558593874
13.2861411251
13.5346403805
13.2362965897
13.1493881863
12.6880850577
12.9513230346
12.8353300542
12.8938307946
13.1797196405
13.2690894445
13.4163763707
13.5421598504
13.4245689435
13.0454432006
13.4639381843
13.2533134197
13.1810393207
12.4191148927
11.9048304508
12.1692271263
12.8443516591
12.3250884008
12.4999044906
12.8443504164
12.8610811178
13.5378519994
13.6706672822
13.752999126
13.8722590071
14.3533346368
13.9541034253
13.6290637495
13.388568354
13.859270044
13.7395600276
13.9812619291
13.849402554
14.3432780353
14.454255298
15.1822902814
14.8123412329
14.3698375322
14.3836790854
14.3409778419
14.6670350611
14.87449166
14.9092097143
14.4287048526
14.0748867408
13.5791681135
13.7947331193
13.2924131811
12.8026778194
13.1925372888
14.0542389678
13.7475084933
13.7035804536
14.4563433035
14.4922599196
14.6932328918
14.5872747828
14.5236813401
13.8421432721
14.8293839163
14.6340833151
14.4572833092
13.7324726222
13.9296824875
13.940213655
14.1741291691
14.7583195442
14.9674511207
15.2316607001
15.3169815889
15.5077504094
15.6418340403
16.0708568557
14.9087268884
14.9712890024
15.2452503832
15.1942090592
14.9361013535
14.3381598051
14.9506368789
14.3910947162
14.0628013383
14.3598201232
14.1378317733
13.761314606
13.4889654792
13.5919724486
14.379037479
14.2875038511
14.2797897374
14.2085658702
13.9178871508
14.0035806143
13.8317327997
13.7440693015
13.4955932155
13.7441326072
14.0294118264
13.9403439157
13.6868976791
13.8610973888
13.8204476999
13.6929123417
13.3523888167
13.2962315167
13.2072122196
13.6599592869
13.7890577295
13.2802034615
13.6318056736
13.5905036201
14.2738664136
14.8758598399
14.7543230034
14.9154605445
15.1221646592
15.4203661077
15.2942298255
14.964252024
14.8153111031
14.7228028568
14.0725421407
14.2502705106
14.4339311516
14.0595297699
14.0230208255
14.1611245577
14.2583862044
13.9404846612
13.9903868311
14.158412443
14.5504355496
14.3633546963
14.3137182054
13.9418785115
13.9326607056
13.9816619096
14.1872113287
14.072791021
13.7154321477
13.9647773924
13.7576801847
14.0316181092
13.3984062161
12.6575209451
12.6207214884
12.8787839676
13.2909215816
13.3402186494
13.5713995253
13.3270477192
13.4720375939
13.1926575643
13.3364335749
13.1895236164
13.6274358029
13.3493214525
13.2534740836
13.3376946733
12.9029746848
13.4920607745
13.8973734853
13.9997562287
14.5490874231
15.1437535466
15.546977841
15.428976635
15.9752364838
16.0241433878
16.437226593
16.2833228576
16.2584389743
16.1291031972
16.2882677567
16.5290875946
16.6503080297
16.29600069
15.9870747904
15.7614702465
16.2290061536
15.8680583077
15.7403270935
16.791219291
16.2669766259
15.9022066609
15.8274679893
15.8312350696
15.7249345103
15.4666337221
15.3953005027
15.4387589241
15.1117560278
15.0494360434
15.214778512
15.4135409195
15.0621591516
15.0446207678
15.0698236907
15.056515467
15.0622421362
15.3146842158
15.5947594243
14.9963198928
15.4354482208
15.6501355006
14.7423074535
14.6211173256
14.8290718408
15.0250522349
14.6665720825
14.8695539368
14.3369841399
14.3231972409
14.5796046504
14.3765110798
14.401655991
14.7306032977
14.7126294726
14.5950826311
14.2539371707
14.4336197275
13.7529845424
13.9592850189
13.6571500189
13.6986523697
13.8069628606
13.6688337001
13.6244076303
13.7020290391
13.7241084874
13.8713372945
13.1422931721
13.1905948176
13.144503455
13.4231719248
13.258942154
12.9334159972
13.2461781582
13.508718518
13.8636722725
14.3781693913
14.1664843057
14.748876211
14.9142533513
15.4751529739
14.8434950934
15.7103236328
15.6705546616
15.474661893
14.8402263741
14.5335942786
14.6017921082
14.3713556045
14.4959416726
14.0421494997
13.9015146665
14.1258903531
14.237693471
13.7012128245
13.6840668113
13.6108981812
13.7023306555
13.8657010431
14.0039662872
13.8375065103
13.2411257553
12.8177891889
13.4061063551
13.4668870598
13.4364652866
12.8248700921
12.7411356109
12.4881180886
12.8314069946
12.7730144657
12.5147432283
12.6262436006
12.5714801857
12.7129674911
13.2788452628
13.6603565513
13.8488741373
14.108612069
14.6552635545
14.4015323429
13.7473247345
14.2906924833
14.8033787556
14.5169037162
14.2127070687
13.7887879578
13.0272484559
13.0120087624
12.9650051158
13.0068145661
12.6184876127
12.6775407958
13.1530439735
13.2693483286
13.0374630224
13.1223788392
12.9825991086
13.116572321
13.3399789858
13.1426634058
13.6725652856
12.932387206
13.0905754402
12.943183082
12.8362875701
12.3145615101
11.4710691751
11.904194607
12.312944452
12.402159232
12.3521557834
12.331706549
12.6396417559
12.6719800053
12.6052074948
12.5573200916
12.8810532251
13.0797306224
13.0982221947
13.4611620098
13.1738189785
13.1811395308
13.1798345328
13.3303363883
13.3553882714
13.5047282509
13.020209567
12.9167953672
12.5380395495
12.6470025785
12.6795304366
12.7739301388
12.8842579934
12.6713322129
12.8123161932
12.6186753584
12.4923958733
13.2208277848
13.292082885
13.0269972451
12.552307325
12.423579086
12.4347427319
12.8373724987
12.3979799725
12.8066579918
13.3671800697
13.3700383177
13.2544759948
12.9847418627
13.2560284193
13.0501117207
12.841437003
13.1681895166
13.5188329666
13.528795893
13.5264674673
13.7400417754
13.5587858028
13.4889642017
13.4381682898
13.2420803835
13.2125321728
13.0945700142
13.3965695875
13.2930595842
13.6220345258
13.6458300162
13.7626081142
13.4235014855
13.588741027
13.3128639294
13.4348438461
13.8165282462
13.5395035616
13.1946680488
13.2445234889
12.8022612834
12.7248760601
12.6399985198
12.0750572371
12.0106031916
11.9808338761
12.024663813
11.7910387451
11.7950288826
11.641481362
11.5588422969
11.4150152715
11.4010298825
11.3309105648
11.0472535805
10.7649934363
10.8592096826
11.0521453501
11.255040016
11.4710656134
11.3860357936
11.2807362859
10.9223261439
10.9234096334
11.1258698473
11.1160589522
11.0115133566
10.9677236207
11.0509096591
10.8499612715
10.8348054406
11.4465467928
11.3602878913
11.2986383525
11.1337817931
10.8237638813
10.7177633735
10.6167326518
10.3096713804
10.7433203092
10.6093747934
10.3621866541
10.7616753945
10.9827767813
11.4438538044
11.2559899943
11.4163170203
11.8751462455
11.8280855403
11.7150158093
11.7763959933
12.1267918333
11.9217581135
12.1884476776
12.2753570288
12.5062526725
12.1309468578
11.9114254257
11.8663667724
