0.955194018585
1.03991133333
0.993925461603
1.10240591951
1.1474629976
1.25352213341
1.10234131804
1.03237708418
0.922665979454
0.977537686044
0.889227876686
1.03943611898
0.973166956699
0.808119432487
0.660111049228
0.600517988419
0.799214493245
0.760826705684
0.783199000523
0.751569727808
0.852906018075
0.794377311109
0.777402242044
0.699095000973
0.767060486723
0.749919406369
0.772442927468
0.877330500432
0.90679240137
0.965547244374
0.883969138042
0.87030260923
0.811362136481
0.763963284635
0.824506854884
0.891105702547
0.74722909695
0.850693163948
0.729766450074
0.734675859763
0.781738056761
0.910062849987
0.906920622661
0.954187809852
0.892740694792
0.827725426332
0.730150875364
0.748412771636
0.715117308452
0.81230212863
0.802938486078
0.811084312511
0.813511601697
0.987418459922
1.01748717719
0.943861672633
0.980186099739
0.964580662122
1.09364668558
1.04648498681
0.971115556123
1.00544733583
0.892834783028
0.833961133296
0.808157916454
0.800629226078
0.85042830347
0.754046388644
0.721576117666
0.62640344947
0.539151776338
0.620997872334
0.557575139088
0.541285999763
0.548511331336
0.550500239488
0.485501383651
0.54897164405
0.546598387275
0.494226541124
0.458665706398
0.448732098041
0.41120959758
0.420398562361
0.391893335475
0.3686656723
0.451266742974
0.4620252262
0.463859087624
0.526923836708
0.578129765242
0.578494496246
0.592979063831
0.536909441511
0.480951231366
0.521502105556
0.536537303171
0.478191633236
0.460841659413
0.498148740752
0.407019737274
0.404463289506
0.420265780205
0.466775828666
0.433619263948
0.409996341983
0.480423116884
0.466090958051
0.435400600675
0.404504478426
0.366491928691
0.260230143977
0.265467854051
0.2569002413
0.227291442458
0.229799956498
0.230051691743
0.255634518592
0.190484853897
0.194315641693
0.195151569138
0.168819702229
0.191249998311
0.261561659623
0.236096393831
0.23596345675
0.269476966456
0.22332939397
0.15394875541
0.13809526866
0.155870319892
0.127882845292
0.143233913442
0.1319058012
0.131901539943
0.138397791275
0.158387493964
0.124768485157
0.0725102048421
0.0748736924818
0.0915855076377
0.058086630247
0.0530125527853
0.0643907750059
0.0739508880961
0.0790226147559
0.0806796720323
0.10322932284
0.122072969504
0.146897186885
0.117378810776
0.12394356088
0.145921905585
0.17060832509
0.165920261383
0.172973969736
0.180434261825
0.216480988895
0.200003532542
0.176297090279
0.219347463403
0.299746438504
0.275688109408
0.360063537099
0.315286520913
0.286998311011
0.331697962866
0.265673032748
0.260290574593
0.266734915092
0.216163169448
0.194729956151
0.196586520448
0.180066768585
0.221340351325
0.234154185739
0.237667349018
0.264523374025
0.286016310783
0.309118330184
0.336867848505
0.289394413121
0.23312981226
0.210473948445
0.18096498058
0.162203573668
0.132862307348
0.149585902913
0.126047851908
0.12806108959
0.167013459967
0.156533717677
0.179047547625
0.202537855762
0.154992322571
0.177802519636
0.19232274624
0.168701771035
0.161303313925
0.126234088869
0.0779250797088
0.0783712221281
0.078729531995
0.054488668481
0.0481168917423
0.0546326350371
0.0590299750748
0.0599182649905
0.0646612347737
0.0552545648668
0.0647632838378
0.0931532842837
0.0967191387475
0.094182221232
0.0772721154403
0.106616770848
0.0903135495812
0.0963480521038
0.133703446953
0.118340509413
0.123173660902
0.131318509096
0.126746504719
0.127570893069
0.100710164525
0.121230259143
0.154464754282
0.170801871728
0.182484199518
0.174195110845
0.159712451153
0.189350124704
0.1671218953
0.185599569802
0.191225451844
0.196166359961
0.23245385023
0.206623035405
0.176379919493
0.141740624059
0.0928775618265
0.103305571327
0.158247970071
0.166453655113
0.161119398667
0.196484590636
0.205264226256
0.208493854768
0.211360726919
0.188507117261
0.207347733141
0.272552633697
0.256936062214
0.255624742995
0.276558414139
0.35519820818
0.372155648524
0.301678821142
0.345327211093
0.321247806156
0.302085188685
0.291147579226
0.237316669398
0.213359920389
0.182192881379
0.171913264977
0.137619702094
0.137301840002
0.148339578084
0.130408776252
0.125771914551
0.11937107434
0.13496121947
0.166310078252
0.212209914127
0.21786523176
0.203768516432
0.219598991402
0.20738518322
0.16220476789
0.172355972195
0.140667624192
0.177975132727
0.181885319499
0.182675841007
0.188173956234
0.217230717362
0.232049534988
0.256841227571
0.290423673864
0.283736092689
0.210908707858
0.225985897636
0.203043707004
0.191132697176
0.242592716196
0.252249410403
0.260169029417
0.245220092444
0.26473483693
0.317613558068
0.350692591746
0.278618797374
0.28764536015
0.236331661225
0.232083086217
0.215147677283
0.193132014967
0.218272406455
0.275809293133
0.339446098516
0.296326553257
0.277163896672
0.254215158184
0.308231003376
0.31255994197
0.280860348063
0.290330766521
0.307773898581
0.37584519439
0.328331760325
0.24570914124
0.286384852243
0.247385385405
0.289741131982
0.359925907025
0.371727755814
0.32812282698
0.316220510934
0.412630414904
0.486034999897
0.513675444278
0.598358241431
0.649088198115
0.572680959785
0.413107983102
0.331752887086
0.370961361402
0.326454843974
0.374873377979
0.393303890898
0.469691764255
0.539193427486
0.451816606067
0.437222321266
0.489274713314
0.497067716011
0.534424395792
0.587101798451
0.509612768719
0.546824627968
0.6221038281
0.539000653897
0.436758581664
0.387827479466
0.363653809395
0.349265560782
0.445642909184
0.422331320601
0.472065126898
0.371516950933
0.291020567001
0.224129949564
0.197640912047
0.12410307729
0.143868061638
0.177761897266
0.219015133787
0.224651758506
0.22570485214
0.240852960044
0.22169931323
0.256776792056
0.254989252106
0.215806709249
0.212266706227
0.219209892489
0.206670545987
0.195509833553
0.125113518851
0.128444365069
0.124730448683
0.114127167955
0.0946340427276
0.0894329652193
0.0936247765314
0.0799456238046
0.0783607265551
0.0628864388032
0.051254504025
0.0423804675531
0.044689288177
0.0372246108182
0.0349082554613
0.0338920045368
0.0250735121336
0.035383056262
0.0286928890821
0.0365419382325
0.0441625524136
0.0451982288361
0.0336426363063
0.0159818523512
0.0141353689858
0.0134926000507
0.0123995058815
0.01151402174
0.0132326439529
0.0118839000458
0.0146134312791
0.0127225694418
0.0116964672531
0.0116625514957
0.00466421543415
0.00469350114609
0.00467426401167
0.00627229640831
0.00199100361577
0.00360478221383
0.00196708263073
0.00224521910677
0.00146247882728
0.00125454013694
0.000926486841664
0.000271019442451
0.000445862602533
0.00055380106339
0.000616258872569
0.00110058243507
0.00107111175795
0.000895033643673
0.000692025895262
0.000330192655284
0.00012521522703
4.95418669857e-05
8.79262236708e-06
1.45450915028e-05
0.00030872436362
0.00322924279784
0.00140463251215
0.000158309521993
9.87390379237e-07
1.02404663949e-06
3.80569673553e-08
8.11866129879e-11
6.96331881045e-13
1.42108547152e-14
0.0
0.0
0.0
1.42501387106
1.21778599049
1.36115191254
1.4841517029
1.44710306327
1.58108430816
1.5513415965
1.47529368071
1.78110796103
1.91121994201
1.97546334662
1.89684793186
2.02763091527
2.16216437751
2.36964331097
2.557940292
2.25421878022
2.46686492987
2.60970486257
2.71296906184
2.0744297635
2.39194976784
2.49494407101
2.34221488299
2.56608127506
2.42534873422
2.36150327809
2.52127013422
2.64242811251
2.19750837799
2.1049681149
2.05177834064
1.99989078633
1.92264453246
1.78502656355
2.09639948886
2.23968005808
2.05967004242
2.13675308442
2.21171644536
2.07781524106
2.19626572739
2.08789430601
2.153850221
2.21082108489
2.37440137632
2.59150085235
2.51413968982
2.44378720771
2.60259845288
2.3611084016
2.28147775221
2.36586199328
2.37252499802
2.28329894774
2.07217026879
2.04551310061
2.16525789465
2.1378843368
2.02776734888
2.07376491733
2.07509362271
2.05979619439
2.16539071604
2.30877757361
2.64277580431
2.69668595152
2.95287040001
2.8631906428
2.79280269085
3.01660876591
2.71287643719
2.85732118557
3.06845640124
3.17793948864
3.60705078951
4.38510797712
4.1865871327
4.48272262548
4.39651059961
3.81673412018
4.02133839613
4.01065173389
3.98676342501
3.79558180036
3.47143572539
3.71777349547
3.81023497605
3.76794936073
3.86004414258
3.93796743256
4.40429614167
4.3032598017
4.62579590042
4.48231312368
4.41200094557
4.43405861768
4.5864522114
4.451741129
4.78007755256
4.6544000164
4.34799959879
4.19522705687
4.29980666745
4.09701385463
3.72268733107
3.55139320256
3.73948880236
3.89169324871
3.7597176279
3.67260562567
3.5335029459
3.34748115552
3.61490749125
3.53219535747
3.57001700731
3.35900190379
3.33245528795
2.87918295403
3.36929294962
3.35533344709
3.38221044272
3.36506369589
3.14308257642
2.83208244991
2.77124753131
2.80874697262
2.49238564572
2.56534912579
2.73836198254
2.82405632548
3.10286722157
3.11142753331
3.15230818684
3.39809297081
3.12802595467
2.95332879179
2.86423723923
3.15549876728
2.75549141812
2.60987082833
2.52663957284
2.22039262592
2.37906081202
1.95697162243
2.03079855384
2.36422680773
2.42594073483
2.51486041825
2.75777761032
3.07649312523
3.03901936899
3.01446656032
3.01889821895
2.79434694388
2.85593963765
2.75800895901
2.49328967816
2.20355317749
2.0383991921
2.10182458966
2.05285841982
2.07131585418
2.07693596216
1.8128038497
1.79996808246
1.80207733021
1.55203170705
1.41028829995
1.39197059983
1.37157628481
1.4035327748
1.22904809397
1.19479046679
1.24541014203
1.21078967781
1.00593087819
0.906472125759
0.86213647507
0.932543543654
0.933334552142
0.853446549123
0.842318953244
0.83816485766
0.878500422267
0.83097276124
0.826283646796
0.787812145182
0.807507149139
0.917329409329
0.978287219071
0.899622218368
0.995593609917
0.798679848033
0.717685435633
0.784160918238
0.810780063273
0.89985058643
0.874813633783
0.91148994284
0.762176677424
0.851590259347
0.910757421974
1.08554426792
1.41159310565
1.3934929463
1.61161927968
1.54856826453
1.65014170817
1.59899595681
1.62834679732
1.56428078333
1.52528667676
1.38482690927
1.60300108466
1.71433443624
1.50414683776
1.41038992773
1.39656034391
1.51433625261
1.32985960673
1.04787806605
1.10287410174
1.19462554371
1.12931483783
1.18915074868
1.13600541825
1.09295819643
0.90413948017
0.885487310108
1.06974818739
0.971397167634
1.05852726853
1.03058841791
1.08851318492
1.14036407553
1.0808930096
1.05889374181
1.10992372631
1.23171514251
1.22225809728
1.15395213078
1.04647663431
0.924680195617
0.906039074013
0.886995723341
0.849060590468
0.788940550771
0.817423490596
0.664996788455
0.716168283447
0.880168965596
1.05512588296
1.07082978279
1.06402965466
1.08623220697
1.05626467779
0.829972715133
1.0345030213
0.981888312091
0.843199803473
0.755887505768
0.676479246782
0.665913123735
0.77065514404
0.834609813965
0.827594672944
0.618168502569
0.612014799168
0.775476318725
0.699815468928
0.597360326264
0.542293158896
0.474103956516
0.484015781558
0.416543714191
0.437998296975
0.551184753241
0.518338782898
0.512474640708
0.434523285189
0.417278065429
0.446778485486
0.42020421565
0.418465693732
0.439543434539
0.522018019274
0.527358883385
0.599975456375
0.542113227602
0.466248189658
0.584834467898
0.582194840458
0.518389302664
0.510004490202
0.459008216259
0.437121752969
0.470080138995
0.414100031744
0.408311219846
0.511891307465
0.490173430951
0.417083983209
0.468280878694
0.534742315765
0.511670160113
0.473131174725
0.448497251186
0.470066430271
0.489143241228
0.498353804597
0.560205022186
0.548521900694
0.550354855257
0.557682139761
0.514429542392
0.507731774593
0.50837190216
0.548683492453
0.546762808774
0.505506212014
0.554416462146
0.494714611665
0.544536271857
0.503943297827
0.615228448166
0.579076542421
0.54340040835
0.432080372571
0.428639199813
0.54065588449
0.754712824485
0.756703357882
0.828890903811
0.779972068672
0.820878387975
0.886471174771
0.793056126018
0.806894088852
0.787810807922
0.767328451157
0.965305135957
1.09758877052
1.09134287004
0.959511949912
0.944727749328
0.893708927858
0.825337936304
0.765516055538
0.706397314287
0.725160000322
0.74346749172
0.833256997016
0.733637163675
0.791926534713
0.76530359521
0.844660666935
0.886679197233
0.972568009875
1.09120732735
1.08460076096
1.06383345189
0.914185637513
0.82336159096
1.04571778164
1.02191635133
1.02166917268
1.09538210824
1.18595287312
1.08279344363
0.967333331782
0.98768196637
0.918284857195
0.743173832825
0.813109421672
0.836934634935
0.748613788574
0.773167952028
0.750984637796
0.83353604152
1.03760845382
1.08097708931
0.93795347688
0.908785000364
1.00460562132
0.948961817953
0.913055960919
0.855285893154
0.767756372301
0.615437708832
0.554170068304
0.528978528889
0.470967872531
0.385072151856
0.519707956957
0.516697499303
0.51211716729
0.62936753027
0.667053800142
0.698773443767
0.641013711396
0.625659944305
0.654223756293
0.636065869383
0.713906215587
0.62067435938
0.598823702765
0.494903715547
0.420051824138
0.372067950223
0.400494954623
0.502953235956
0.489957072747
0.450743710458
0.28756001281
0.243253505688
0.23957657135
0.247190088538
0.230095600206
0.200469734407
0.22253534834
0.246694539371
0.196010383943
0.214693647139
0.187607048137
0.168580699535
0.112085918746
0.117290635498
0.101825445685
0.130989864206
0.158800260533
0.169352329413
0.135853996168
0.129160239871
0.117786758722
0.0909529829213
0.0713907191432
0.0719627353326
0.0950254813238
0.0921660689553
0.0880502908899
0.0551546823675
0.0355948078274
0.0211630551188
0.0142198213516
0.00723887587098
0.00142753822082
0.00170478517893
0.000302007470893
2.97089087553e-07
2.62974272263
2.65298936686
2.58684531975
2.56231847926
2.39098322018
2.45478404049
2.45360298968
2.3146984367
2.30768072177
2.02514254893
2.08344960419
1.89164561462
2.09273488279
2.12854001736
2.12941066179
2.09441580977
2.39228309588
2.34609775759
2.2575088785
2.20664628122
2.02614508429
2.06488370509
1.8832410265
1.83311316836
1.90967507124
1.96764401914
2.07722395627
1.98332692393
2.05972271772
1.99025409674
1.97897022719
2.02760325149
1.88086004776
1.84396457663
1.82373367991
1.81961044009
1.77850080711
1.75915428768
1.89082116349
1.83205689471
1.77546470749
1.78409371789
1.71740874363
1.60954982109
1.50309753551
1.57919763821
1.48468708988
1.70480729109
1.82883571614
1.84544363286
1.76533877365
1.75837555097
1.96587379388
1.95026708725
1.78820820844
1.74902374094
1.58093672171
1.50884478741
1.42733727082
1.46262956332
1.4052917315
1.43199715819
1.53510610213
1.50877719387
1.49235099009
1.6903331211
1.66764951039
1.54116858728
1.57116667379
1.46864123741
1.60379864858
1.62319577542
1.53168222362
1.52593663219
1.44540367415
1.48636543801
1.50078091974
1.59855173353
1.66702058544
1.62325575056
1.7226480884
1.70897286593
1.83809890664
1.82731813632
1.7162405875
1.46744756726
1.4813725122
1.6670135217
1.69829534742
1.60911491512
1.52303941549
1.59483140691
1.49378410273
1.54545774974
1.51593021642
1.49586076541
1.37031417558
1.37685532194
1.36357366684
1.41697787114
1.3019247716
1.16892170684
1.12668449002
1.23888091102
1.17020684692
1.04777160342
0.97819871068
0.825452377694
0.86375546022
0.778011969549
0.778755936496
0.840077276213
0.851001648462
0.811946743746
0.82006859677
0.795022097134
0.879127093339
0.943435177493
1.01319503197
0.947454109992
0.965934465114
0.945147227772
0.846786097016
0.716724216604
0.775729800466
0.70619716213
0.535092025629
0.539316470305
0.489777675737
0.482532332336
0.543144917557
0.538310102824
0.561131706997
0.636203759662
0.611872555597
0.614290586632
0.661186781668
0.688894208581
0.764308505732
0.91828625463
1.02545599061
0.907098190897
0.825612410438
0.685786949672
0.790340804667
0.782152869703
0.735370887807
0.735775066018
0.683756545888
0.727141408657
0.661401094078
0.583829256374
0.648934451266
0.550356828205
0.575234531926
0.58208551052
0.522430606672
0.515893579061
0.50133859635
0.582496891462
0.657794557974
0.557683952253
0.502238780827
0.415615646952
0.443269002049
0.39788315939
0.315712853296
0.372611691162
0.376903319662
0.487576184455
0.436378745368
0.52395080433
0.602556548533
0.530941672908
0.582958054567
0.514208616261
0.42280027589
0.448315614788
0.484393454825
0.596557817012
0.529567692844
0.599150284595
0.467162561733
0.516293664008
0.489591635002
0.431714097333
0.400033621752
0.398648261496
0.49916364621
0.538273252643
0.459395092248
0.561389257678
0.614175449639
0.628029299717
0.781963268572
0.958441667192
0.759668315039
0.682346531136
0.670897712841
0.787439869857
0.830824343624
0.886888514781
1.14109613797
1.30193045349
1.07640820588
1.00264049991
1.12199946828
1.27927680624
1.20402327161
1.15199167748
1.1580837013
0.964418599797
1.02771669231
1.12780948922
1.06244045027
1.06202937207
0.949497492938
0.935645328772
0.870819197861
0.758946925561
0.705888174696
0.602359247722
0.521856192744
0.503921734414
0.519751816286
0.483748924365
0.42178662069
0.379099724427
0.345911580254
0.297724535393
0.30704122074
0.303213523088
0.260577002354
0.279927558863
0.271563247072
0.257649856235
0.264906277166
0.347765033535
0.324056563679
0.323680492778
0.298639104971
0.266133818065
0.276704288834
0.350001694482
0.358632766804
0.396920007358
0.349561923189
0.310649053367
0.291954021065
0.250727705367
0.204728954517
0.212701418098
0.172365161066
0.212348227576
0.230627914038
0.222022694487
0.257238466884
0.265937920359
0.23095446434
0.221281424144
0.224615008925
0.220409739372
0.25496973588
0.207638652806
0.18035191283
0.16451558937
0.158094875219
0.165283236301
0.15846053663
0.188575641269
0.212571498575
0.304672785737
0.368329568574
0.302177471941
0.281126145437
0.256179054569
0.193756260027
0.16728533114
0.143735310972
0.133473463598
0.116538228706
0.101719747847
0.101720986731
0.108769295539
0.149322237164
0.138648463947
0.114372402513
0.106860305685
0.106792481526
0.137123783282
0.138340039243
0.137999234859
0.149037980176
0.147290741839
0.152538913754
0.159356246167
0.13902031562
0.121189074503
0.0887651753809
0.0867805928935
0.0803725256825
0.0694276653369
0.0751799161684
0.0736447817261
0.0777428862727
0.0768429929395
0.0826875353472
0.0866785386949
0.073265083398
0.103257210127
0.112843554706
0.116041676348
0.0990932612975
0.104973875146
0.0697498000619
0.0596710772942
0.0506526235481
0.0428915549334
0.0322709006926
0.0255890837351
0.0218363715031
0.0164046519693
0.0116102665636
0.0142188665372
0.0106172637242
0.0133549670579
0.0122648531556
0.00795839968532
0.00936652174626
0.00598618856334
0.00525463996365
0.00502392193778
0.00520872315302
0.0034850106537
0.00349882011409
0.00228108646625
0.00220349198675
0.00172041204507
0.00188584195358
0.00277052628637
0.00133782885784
0.00195532480738
0.00333500452963
0.00175439215589
0.00171661677243
0.00144505748069
0.00222823610264
0.00240993329609
0.00261572258796
0.00180246683998
0.000354299400286
0.000121061661289
8.84775056846e-05
0.00011631220967
0.000247194266123
0.000302093100473
0.00051032424031
0.000619686950941
0.0003249579852
0.000225404833273
0.000311537066281
0.000324119561668
0.000239425765599
0.000128323280947
8.58119486082e-05
0.000152359491764
0.000385374335835
0.000350088471578
0.00042550528498
0.000288580021532
8.84437172175e-05
6.43794729598e-05
5.7289957681e-05
2.83129469665e-05
1.86050704087e-05
4.14043803119e-05
0.000117607854591
5.20671630539e-05
0.000160893524722
0.000140924851209
0.000140348057215
6.01550041921e-05
7.72153368729e-05
7.68757265774e-05
9.82521804502e-05
4.27122172511e-05
1.97556331045e-05
4.00874772453e-05
5.11612434764e-05
0.000132034318895
6.60446340532e-05
2.61609217773e-05
1.52578064956e-05
5.68737617357e-06
6.67755455197e-06
3.97513717587e-06
5.05737655487e-06
1.91990109499e-06
4.26042092272e-07
4.183363842e-07
2.50380452371e-07
2.51084301794e-07
5.43999618685e-08
2.37670576553e-08
6.86962522423e-08
5.04342807517e-08
3.13026760068e-08
2.27375807071e-08
1.65912581451e-08
1.32852733259e-08
5.00498202882e-08
2.27818475196e-09
2.619941597e-09
3.04140712615e-10
2.96083157991e-10
5.30532417997e-09
6.91869672664e-10
9.14383235795e-10
7.32626403988e-10
1.00186525742e-11
3.53850282409e-12
4.26325641456e-13
9.94759830064e-14
2.41584530158e-13
2.84217094304e-14
0.0
0.0
3.86251031159e-11
0.0
6.85560053171e-10
1.38990893106e-06
9.07022013052e-10
1.06913944364e-08
4.61255922346e-10
2.82314306617e-05
7.86528914887e-07
1.19029124335e-08
1.7322153667e-07
8.31477109386e-11
1.32587274493e-11
6.45599129712e-11
3.03870706375e-09
1.11432996164e-09
2.28439489547e-10
1.0629719327e-11
1.55893076226e-11
7.1054273576e-14
0.0
0.0
0.0
1.87751070674
1.64008607536
1.57842912897
1.59564321698
1.63311529768
1.49432638428
1.38288266301
1.4814990571
1.47593174594
1.5025351475
1.4168076536
1.544856668
1.55846198151
1.55671173191
1.68272790809
1.5999512289
1.56157919681
1.60651695297
1.75994400498
1.66057047543
1.76497363561
1.77097441242
2.18362240205
2.35432957183
2.16293192041
1.94143157165
2.19977460298
2.07537040738
1.82839282697
1.82032100478
1.5580011732
1.43663578626
1.5382354001
1.48579864898
1.35449106376
1.50894927167
1.53012856226
1.59937132109
1.43683810357
1.5226780916
1.57297557482
1.62472066421
1.38197379556
1.4509517482
1.2714962411
1.29277754312
1.32944824719
1.38146818308
1.3497071794
1.24094587104
1.26311512647
1.29747516729
1.3720124359
1.43539621845
1.5297887876
1.48267552532
1.6104790521
1.80270100507
1.72597049735
1.47806969039
1.58291410275
1.42761034504
1.24326852419
1.18943955437
1.11079381622
1.10292942268
1.16767574179
1.30450393368
1.04234530011
1.03129183207
1.13648338789
1.48140872892
1.32506325413
1.12705579207
0.993060865113
0.842714578854
0.767945710335
0.74651740452
0.712992304086
0.749879759805
0.729564351351
0.608882782106
0.61789356758
0.516758497778
0.514352897019
0.51357699533
0.521945565279
0.57061566683
0.55747865983
0.581844121533
0.621588536274
0.559359129174
0.537203528783
0.503689216022
0.508964757812
0.409700678201
0.316326673481
0.264265191713
0.251064809394
0.211213148056
0.210455013368
0.184596223679
0.204454319874
0.232845898668
0.241151723505
0.193285303544
0.194161178975
0.188385574793
0.143834654335
0.159379178474
0.198250863829
0.179823501289
0.19393045261
0.195941858301
0.194313870161
0.168464000389
0.165250692051
0.163891687741
0.150098987032
0.187952557909
0.167989924381
0.151719235251
0.160793212782
0.177344878012
0.152439411787
0.165333572086
0.13547308384
0.122146333563
0.152960730576
0.204481352672
0.246188353844
0.190980179658
0.215799646511
0.27168286847
0.331886471488
0.342073922522
0.285686547085
0.317258254025
0.367245268593
0.354612448139
0.232892554624
0.221863262795
0.24921499008
0.253544086069
0.220837991413
0.185626896564
0.136023285332
0.153941942535
0.144852262004
0.148313003717
0.121348580967
0.120709455443
0.159217708205
0.184422244269
0.176269380461
0.140648140049
0.14525944629
0.141482380994
0.145321078336
0.182249119548
0.178508235809
0.209472561502
0.22661820533
0.215543367185
0.207779058645
0.205091573527
0.183549177397
0.18070461962
0.211263834947
0.253481808856
0.308135969239
0.300990034828
0.371478009303
0.363817259219
0.348148589781
0.380066463571
0.342293325913
0.33113954756
0.31512605416
0.332347450766
0.35503919354
0.300846937813
0.351512178519
0.361579258674
0.320048687153
0.364537437378
0.341476702447
0.387292639638
0.269642876046
0.228152245204
0.236992957938
0.273210303671
0.255632858931
0.298661511431
0.294638867912
0.287177879021
0.278591040943
0.340644919669
0.326007062683
0.358512255128
0.350630766495
0.310529026318
0.354044988203
0.371326208884
0.388805118263
0.40791977275
0.306299769791
0.282734800617
0.313562480731
0.330406512788
0.372410618991
0.437199009847
0.377668401621
0.376674069845
0.440113518337
0.452619932612
0.495804280277
0.468788022398
0.4421334239
0.432338467104
0.374971426477
0.370187335451
0.3149218055
0.319369853478
0.276215234346
0.308394404541
0.277748638034
0.294741513209
0.288419018068
0.246732768575
0.271523794984
0.282230078636
0.25918283443
0.295518006824
0.26755258742
0.289741604189
0.310785764451
0.305017772781
0.294077979434
0.294109103997
0.435193495423
0.423166627463
0.374906469862
0.357246527976
0.358452009025
0.41881661496
0.396295308757
0.306304397647
0.253390094254
0.228895712455
0.240148714303
0.195251116799
0.172521820358
0.157719525745
0.160914559952
0.156902661384
0.171870273374
0.172970695449
0.253625946648
0.271844491236
0.26936321894
0.290993802325
0.232188780434
0.239004346285
0.227231616589
0.244565363977
0.26805859866
0.331363457247
0.336175680188
0.322904752887
0.29123351605
0.240801654121
0.203592009111
0.229436599928
0.238220694662
0.235634580216
0.188449204578
0.188161719533
0.230974275087
0.304617834432
0.267316732807
0.250053305287
0.208761049419
0.207272441385
0.197990028178
0.205717872315
0.213550841073
0.184937588977
0.133376406054
0.128204038851
0.121957256445
0.124065078159
0.0975019012086
0.105908286035
0.123649195002
0.129674143805
0.115843486223
0.116954043752
0.142022997385
0.1380893468
0.176652192732
0.155936194099
0.146458473463
0.147827232977
0.187686905005
0.176021079714
0.121750797257
0.115083782579
0.0894203948597
0.0641818950967
0.0595110504336
0.0631753738996
0.0536796239057
0.0571323560722
0.0536171261201
0.0666975257595
0.0584590287791
0.0481005765941
0.0518751871961
0.0580483081132
0.0766573916673
0.068302518554
0.040656440251
0.0326042510756
0.0380537407538
0.0429409503956
0.0355415769113
0.0394191383739
0.050374902328
0.0418156376504
0.0381123985211
0.0318047116286
0.027493953424
0.0327231546084
0.0290113903994
0.0209532414097
0.0194205169486
0.0106365972151
0.0108902322087
0.0128072204849
0.0180925022303
0.0174371271663
0.017252371019
0.0135895377883
0.0128833858409
0.014523603696
0.0124729242571
0.0162978065227
0.0105756744891
0.0121096938138
0.0113613319227
0.0101310037539
0.010931799186
0.00882916444969
0.0132203912896
0.0128828100868
0.0112592837754
0.00989633530452
0.0136046408478
0.00920741757088
0.00685081026855
0.00593067944715
0.00545693922865
0.00401496026475
0.00178419316318
0.00378877582395
0.00257075612778
0.00112643745288
0.000807701284813
0.000926692177899
0.000802724526551
0.000367834967776
0.000545320177565
0.000383896252956
0.000654283825668
0.000688323274275
0.000598171461235
0.000629130114049
0.00048652881209
0.000506874977106
0.000239541010174
0.000188699856096
0.000300484493664
0.000379014000572
0.000342304188521
0.000225575540469
0.000258745541913
0.000295514653018
0.000174779436279
0.000264018608746
0.000293595789984
0.000575669008313
0.000412421136616
0.000146621377439
0.000118853209671
8.41802252722e-05
5.29388685493e-05
5.47464502176e-05
2.62628542771e-05
3.72822699575e-05
2.49941024322e-05
1.82859399729e-05
7.85119832756e-05
4.10684327079e-05
1.58493009934e-05
2.68044954197e-05
1.81031997357e-05
1.55630841761e-05
1.0474964256e-05
1.46098455929e-05
2.46298748436e-05
2.02118160075e-05
1.29096687687e-05
2.15179861982e-05
2.53833959079e-05
9.44986557272e-06
5.29921689463e-06
4.37967656808e-06
2.10091563702e-06
1.62986961527e-06
2.1344480956e-06
2.56757516581e-07
1.34248082873e-07
1.34577049948e-07
6.70379591838e-08
9.32982402446e-09
1.27302826058e-08
4.0312968963e-08
1.12061826485e-08
3.0781706073e-09
1.76591186118e-09
2.11710471376e-09
1.23020527099e-09
2.08387973544e-10
3.00843794321e-11
2.84217094304e-14
4.26325641456e-14
1.42108547152e-14
0.0
0.0
0.0
0.0
0.0
0.0
0.0
0.0
0.0
0.0
0.0
0.0
