3.66463730502
3.80618605476
3.70286154224
3.92210295269
3.9950719883
4.25768189218
3.99443818012
3.80584930923
3.62294699372
3.70419126581
3.48293910299
3.75371025605
3.54291217571
3.23463093235
2.8754721304
2.70215683765
3.20486109897
3.16079940116
3.2464042517
3.25628513709
3.47668055126
3.44005875835
3.35134859008
3.23751914162
3.43180429629
3.44822591285
3.48887586393
3.61429313403
3.69426453647
3.83540410642
3.55257351117
3.58784068502
3.49101121134
3.42204916552
3.47192058842
3.6351227627
3.32397540449
3.48298112409
3.18750235652
3.17016905491
3.35136637058
3.61832799745
3.57051007062
3.63285002986
3.52135971436
3.38469704582
3.231405032
3.31990864262
3.28168954682
3.48561717437
3.47277133691
3.45470796596
3.44780305983
3.86538030664
3.8537740494
3.70055244005
3.74373607908
3.75189326975
4.08449707196
3.98684193175
3.92422232218
4.0274863714
3.7724294988
3.60266396264
3.54394086281
3.45739046265
3.58766923229
3.4049044461
3.25539110124
3.05700069816
2.84729027532
3.06260287277
2.9247347496
2.89538615259
2.95233506448
2.86745903477
2.72007315024
2.88348514766
2.86457669363
2.67649651024
2.58104132467
2.53982341591
2.49215431238
2.58978983887
2.48568043609
2.49027463768
2.71034507328
2.73116531942
2.74707336462
2.86873273539
3.02303484099
2.95987614479
2.98750853344
2.81072780306
2.68490890491
2.8293546751
2.8259276821
2.72900971883
2.68830668417
2.72979258685
2.46975544064
2.42119372427
2.44811745691
2.5945810628
2.48256587164
2.46285029867
2.74583066668
2.72393826876
2.60453596679
2.58133841473
2.46456663012
2.22111582094
2.23693499859
2.18894859702
2.19264008617
2.26511741717
2.26702196859
2.35077990351
2.02649914863
2.03276863118
2.15795017896
1.96199185882
1.98247520797
2.27289673278
2.15892837557
2.18653253984
2.29278520023
2.13014053648
1.82445636776
1.82458982505
1.89432706297
1.75173737482
1.83415281726
1.72791579407
1.76012733247
1.81325095918
1.87993486399
1.75832234708
1.44043523373
1.45205100661
1.52866838449
1.30915088896
1.28920333682
1.43667415497
1.5510044481
1.63929922574
1.67082335035
1.74257548306
1.80272319593
1.92864653643
1.77171194502
1.7932563789
1.90425955964
1.9876311608
1.99258269368
2.01260859734
2.08445426507
2.25096519497
2.13681865586
1.98412849669
2.23107271001
2.41642431081
2.45222187547
2.70936669167
2.49180856096
2.40249176514
2.52302632035
2.24124005253
2.27545767163
2.35228322886
2.17070938347
2.11844035578
2.07112909778
2.0387367103
2.19863661861
2.2346079782
2.35358586564
2.35036919427
2.5168493463
2.58374418058
2.54576016844
2.40118610834
2.2783094991
2.20202324103
2.07291198688
1.99569207285
1.81571929244
1.88782632379
1.76070309685
1.74062316011
1.97951170098
1.88095651791
1.89784922697
2.01694950963
1.83120089265
1.89689185325
1.92790958938
1.81764038001
1.68150022341
1.51633779019
1.34524508204
1.33320267621
1.26197291861
1.09044942814
0.994871175683
1.03105499057
1.06884276048
1.0577710427
1.0659100438
0.969884042166
1.06204176502
1.24305269851
1.24655766546
1.19012761361
1.12991649384
1.30761875267
1.18888456706
1.176907212
1.32709413323
1.30743956353
1.29776965664
1.32972071075
1.30690206615
1.31694596201
1.16467297368
1.23180629504
1.31097832977
1.40418355364
1.36793964599
1.41149696799
1.41063474092
1.56835814043
1.48340422654
1.59756426698
1.65362565647
1.77914230653
1.96436976583
1.92749396939
1.78504633043
1.62737805565
1.39466728128
1.4153586626
1.67588105983
1.65524166318
1.65984618713
1.81192357089
1.84604756572
1.8390682033
1.95071844433
1.81684240174
1.97931461782
2.20098256007
2.19669999322
2.27285885385
2.35203027227
2.70925208616
2.97990008515
2.79526437084
2.92585299506
2.87288520644
2.59054657271
2.49270040639
2.24925497861
2.20727393186
2.15027270908
2.11231526086
1.90410181278
1.87897192638
1.96117599977
1.8889240542
1.89694350308
1.90625081041
2.03773723158
2.24225836878
2.42934675633
2.38560895066
2.356137581
2.53438627817
2.45335595305
2.17833066568
2.20600056365
2.10937934551
2.22069364786
2.2258284024
2.24105617854
2.27480341053
2.37979204486
2.4939794773
2.62171703294
2.89439325265
2.87722048603
2.59040297624
2.6191421818
2.59712228968
2.58104618677
2.87010480718
2.82189449112
2.65895138078
2.4436231659
2.5214767941
2.76880668338
2.8278514315
2.48250784843
2.54976086356
2.32483465411
2.26214964696
2.23966166307
2.14708315182
2.34908721506
2.69952068379
3.02618431782
2.81864018834
2.73853751966
2.58566359223
2.92231041454
3.02149586331
2.79973574924
3.00719016107
2.98627220295
3.24252069882
3.0282497347
2.80843760122
3.05211951587
3.02846466014
3.22545321869
3.58549289611
3.75211371461
3.77295254236
3.6035055843
4.04719622289
4.37591663735
4.52328828851
4.8828341775
5.05859328656
4.84351838428
4.10820516047
3.87537093625
4.09217881862
3.93228413378
4.17689952865
4.34678338727
4.70367338546
5.0003250095
4.73169485828
4.84396754958
5.15745500999
5.21211913718
5.30734002512
5.58520825081
5.30013029014
5.74591805252
6.13787404456
5.93703767126
5.43709280114
5.17909366895
5.0995693836
5.17486317856
5.64490213218
5.57561761421
5.88604291259
5.55413631739
5.27481787716
4.96176182922
4.82190851767
4.13650662152
4.26818272337
4.52911873455
4.89338651912
4.95734343036
4.79463319546
5.04959901081
4.93569592906
5.18639594874
5.1834206457
4.89492778975
4.88043430333
4.8803970806
4.53981085241
4.39109749039
3.78648387744
3.85923797405
3.85803459771
3.93146536423
3.9890162648
3.98928827524
4.15306170547
3.85915992018
4.02732042907
3.79126652869
3.66438909092
3.44386171518
3.47927085305
3.49647983124
3.20638910771
3.44847340783
3.25669480484
3.43745648446
3.23378110774
3.3949583102
3.56848383244
3.71942876546
3.51600452202
3.00484814781
2.81588704536
2.86514725293
2.73569808031
2.56460001169
2.51117152281
2.55208604181
2.69399353906
2.78470263873
2.78875817532
2.85850004351
2.23514225242
2.38582423855
2.38251701979
2.6940960704
2.07307879985
2.41305391592
2.31454393205
2.33072064289
2.22344963065
2.2986474782
2.23243588765
1.8206270571
2.07945797743
2.2503684484
2.20021224626
2.61804840975
2.63054828114
2.88084349502
2.90106451111
2.60707802339
2.61329121003
2.43395408632
2.30778180824
2.05119296659
2.94433327165
4.20353117874
3.99709066426
3.30183340126
2.05332762152
2.18730529693
1.77082205275
1.16317883632
0.992878100005
1.02228495071
0.738261283054
1.30358613092
1.35869289448
4.52010318042
4.13431399273
4.4722451269
4.75162767143
4.73539891536
5.09067289514
5.10085846679
5.05705734189
5.57485047888
5.81192280748
6.01118852721
5.92343066798
6.17453743223
6.46066949923
6.90994715299
7.33620271967
6.71579201348
7.03280496811
7.31291308356
7.56798761577
6.38660680169
6.96645150221
7.16951619536
6.88164898167
7.24832487053
7.04324459554
6.93047911478
7.29237976254
7.47908259461
6.63858890992
6.34369744822
6.25255667545
6.29002960709
6.11232721464
5.84006874826
6.38860529778
6.77845703851
6.50708248285
6.67353719581
6.76402301069
6.49816788385
6.75346895907
6.55371828009
6.75486752017
6.9809549222
7.29125840631
7.75524049757
7.8426637986
7.68402323897
8.07950644324
7.74543265703
7.63101474456
7.79308034335
7.8644046664
7.58310369097
7.36422577124
7.11466889718
7.33850388805
7.13542810063
6.86498120559
6.9604184437
6.81415904327
6.86517776032
7.23562041061
7.44522936832
7.95323603663
7.95859342354
8.34786291931
8.2247744432
8.09822188203
8.50459070821
7.96732824371
8.18156042899
8.52217229989
8.65037400593
9.24693214139
10.5631442619
10.2440768603
10.6315573977
10.5696202705
9.59306831725
9.92261967556
9.89933508281
9.8353937268
9.54018905792
9.01672386264
9.43228448673
9.59182231784
9.52233647702
9.60502425704
9.64790746929
10.401396523
10.165378846
10.6957036546
10.406540328
10.4090621806
10.4345279744
10.6394367899
10.419238516
10.9633454367
10.7779867728
10.2301721277
10.0332121988
10.2324479519
9.90154626149
9.25343231467
8.90869941601
9.16053285255
9.41652945027
9.24855781789
9.06213458331
8.8183895217
8.54768470281
9.01532287403
8.87956352119
8.91927717111
8.56049563513
8.43448834711
7.71348649208
8.56446432996
8.61835419913
8.61780676325
8.59135995441
8.27043611499
7.74814883112
7.5666227851
7.61675461123
7.12056440432
7.23777058219
7.49979795701
7.61026576963
8.03660574722
8.09431170126
8.25665846429
8.64144999308
8.16246398283
7.91619950937
7.71420622068
8.29724537807
7.67791119556
7.37597721358
7.1660541381
6.54214927309
6.94529343607
6.12348118106
6.29109043182
6.90439737883
7.06127651773
7.23713224596
7.67427769793
8.29212409618
8.24002333592
8.09689580294
8.07133369094
7.71091839903
7.89442612945
7.73651998831
7.27454372373
6.74747116749
6.53920054264
6.69538636873
6.62760927259
6.60593428358
6.59902791182
6.02705827974
6.05920138167
6.02709953711
5.53636913455
5.20131130511
5.19754171622
5.07572388079
5.07513633745
4.6455111371
4.57476369336
4.61817890327
4.53706102103
4.01488776681
3.77026543838
3.65902373734
3.85725655565
3.84139603121
3.61856428595
3.68888104477
3.73264506107
3.84005761317
3.72232952568
3.80524005283
3.70068036624
3.78265961226
4.09625396639
4.32820968823
4.06136020859
4.3173598517
3.7417924012
3.450169785
3.63320505547
3.65830051234
3.81052939548
3.76725219535
3.88823143862
3.5286348476
3.78980348775
3.94564604346
4.36068128837
5.15803217158
5.08508238121
5.67953050174
5.59025067535
5.7715105281
5.7326712334
5.85632982512
5.77049915242
5.78200136741
5.56415404664
6.00531479461
6.33908696076
6.01585496252
5.86954222067
5.90967593369
6.145992435
5.78580926843
5.09972712144
5.36298558718
5.49406137153
5.32535072708
5.45879384524
5.33110659919
5.19182179809
4.64807675104
4.56167511139
5.03904778846
4.70410019616
4.94130286892
4.87286895687
5.10211157314
5.25976419915
5.11418516611
5.11795294605
5.24905516428
5.57501657184
5.63862879798
5.50419915015
5.45322967659
5.03952063496
4.97076284867
4.94701764936
4.82220311385
4.79295611548
4.98789819365
4.47994307583
4.59414769697
4.92250332767
5.32528700151
5.39112177478
5.38530698517
5.35050564743
5.296661489
4.64148291992
5.23907808795
5.01998182832
4.66464564815
4.41935691543
4.19139195327
4.1832326806
4.522255842
4.69844263878
4.57674079464
3.99089973509
3.90186640415
4.48307266722
4.28605455262
4.08932673604
3.77109588593
3.43955921034
3.34253463731
3.25833992145
3.28463335383
3.79435529668
3.73104801698
3.73046912882
3.39643708263
3.35331961071
3.4251744994
3.43773549783
3.3477140869
3.41179153021
3.70643508183
3.61308491456
3.89814267006
3.75818925886
3.33689008804
3.80252282867
3.78398933135
3.66710549404
3.61118437901
3.40022264023
3.3368243333
3.5402598439
3.38437750451
3.5055837996
3.9190406104
3.830727766
3.52381432906
3.81079447422
4.20244118508
4.14888874509
4.17377654732
4.10976076439
4.2406870998
4.3331350395
4.30959136136
4.63434026227
4.6716205911
4.76094080162
4.72858745802
4.70413224632
4.72687712157
4.74750399766
4.87456057171
4.99941483665
4.78142472108
4.90714925779
4.68366593172
4.84363669885
4.57815199094
5.0507047038
5.15041862471
4.90568157434
4.61453105213
4.43865502144
4.8614090488
5.61379485754
5.68274668395
5.97195112005
6.03438818969
6.23255894983
6.33895184023
5.97309848207
6.13280296203
6.02997674042
5.93491051899
6.58281373837
7.00590988994
7.08904873235
6.85366036446
6.91492050516
7.06882795967
6.81708116628
6.86703401954
6.78075472355
6.83701351027
6.88700445052
7.18182230109
6.92931007465
7.06141606108
7.09924546107
7.48441860573
7.57122485529
7.68050655449
7.88412404517
7.84882041853
7.87017609978
7.37802761626
7.31099804716
7.84792154174
7.75955782782
7.77678727387
8.08493842838
8.35130966493
8.25182560285
8.07576369902
8.20416119042
8.21160116542
7.80678158753
8.14175477856
8.18769524627
8.2217507867
8.38190466979
8.28990122621
8.33958205573
8.74274808554
8.86375000288
8.54380691145
8.47009666464
8.77844225707
8.66736038929
8.71043564711
8.55074426303
8.23419167608
7.87238651297
7.66692530469
7.51913108557
7.37082006142
7.01921593558
7.60709643699
7.57167260851
7.61888852749
8.10672700507
8.40039839598
8.55076726483
8.33062521484
8.21096348414
8.30518214328
8.28173341931
8.51821162587
8.30065580823
8.27160212014
7.92037998386
7.8022287037
7.56772189737
7.77200995574
8.30836647494
8.35478460186
8.15849387314
7.54413519714
7.39882399951
7.36495928809
7.49632031676
7.54976540377
7.406523868
7.58295160705
7.76979633735
7.60769526615
7.97712163755
7.80523093566
7.9233265774
7.59521667867
7.75230961593
7.66202634388
7.92934813706
8.06909381201
8.13309063069
8.05781805337
7.99832041935
7.86118468451
7.68314709626
7.6905637646
7.84199614309
8.15869248058
8.21252138738
8.28074210777
8.11377260957
7.99174592703
7.75686784883
7.83387006729
7.76809303202
7.58848443762
7.84457172188
7.92096941666
7.66885516227
7.80521233206
7.80465840908
7.61773539447
7.63974094573
7.22872202411
7.32433358182
7.14792430026
6.88351104642
6.82247589078
6.44163296246
6.5489258263
6.1750033305
6.58089090611
6.56750692595
6.57764790607
6.54681572825
7.11501006076
7.165297845
6.99935822139
6.86068224518
6.59846266414
6.70955460319
6.27689559069
6.14389982441
6.31881251736
6.54382722545
6.84212341275
6.57656474374
6.62570364837
6.3910901468
6.37423157779
6.36895292781
6.07239422863
5.90674308483
5.8726903262
5.98634682212
5.9276797145
5.78075869719
5.97017947943
5.80639240725
5.7463730478
5.90019669298
5.79521165074
5.66016667945
5.57394575452
5.65357561301
5.45515306374
5.90500966761
6.19808054895
6.37049818514
6.30149188359
6.35527086512
6.68439048545
6.68509119306
6.40013230698
6.34386692501
6.07958903157
5.98958453647
5.86347859171
5.8911976273
5.74364542209
5.85517683753
5.98895505947
5.96663644629
5.77320067702
6.15639234106
6.0490659287
5.77496172632
5.83325952144
5.81334688154
6.06294295242
6.04630711456
5.96993025624
5.87346238311
5.69548651543
5.70910082278
5.73868138943
5.88047482294
5.95860379317
5.70661513196
5.93289533317
5.99936300364
6.25159472567
6.2514560793
5.92424453862
5.47660917761
5.62737122728
5.81098303608
5.94407188959
5.69425853817
5.47563988307
5.76564491282
5.61556224692
5.69577300044
5.58525940366
5.49402772601
5.27070900572
5.22114830099
4.99979664587
5.1314946809
4.88911830941
4.6791433383
4.59165394401
4.74238413458
4.54917053607
4.34860582162
4.35835416269
4.12980489437
4.1479147132
3.87257598653
3.88445337288
3.99526727916
3.81315072749
3.69983195348
3.79774318495
3.76459024771
4.04036229244
4.06224349203
4.24874980031
4.09711585626
4.1016896997
4.14819973123
4.0248960275
3.70747326812
3.79579553188
3.60224369422
3.16182121305
3.07631445433
2.97877354742
3.08055510217
3.34765707024
3.38935802427
3.42343365173
3.59656409078
3.64106140445
3.64946607524
3.72573270254
3.67162572796
3.851774091
4.14061640042
4.36459364323
4.02299491906
3.90914832878
3.59316852531
3.85262824982
3.82480862798
3.66378603222
3.65187229381
3.54831174566
3.64346293396
3.45111679031
3.32876463654
3.54581502877
3.34858782188
3.4933266276
3.50084563842
3.39140708091
3.35274397196
3.38702017273
3.69386249626
3.85767408396
3.72921811845
3.55935243736
3.3073551423
3.37783137505
3.21662190581
2.9628880995
3.08772159648
3.1251515169
3.38602879229
3.20546339089
3.47906490562
3.61756244862
3.36570786776
3.61880461193
3.38842064007
3.03478899116
3.12652881884
3.25113990219
3.65135098021
3.39376956832
3.64784022681
3.3515394715
3.38452172665
3.43980299317
3.26317889139
3.16667519804
3.1460378339
3.28064912589
3.42845268522
3.17655491769
3.47104612048
3.56623237428
3.65497604494
4.02514047385
4.40410852573
4.1878146418
4.06018473718
4.08578863063
4.48764324584
4.50608358549
4.5025979958
4.96640252347
5.32055705718
4.78305838693
4.68130500948
4.98153861634
5.36492417036
5.27010293926
5.11474005067
5.15783708511
4.62004961534
4.68324504214
4.98369056559
4.88349339452
4.85575961134
4.5168963696
4.50074974673
4.31529371817
4.24021963474
4.01047975965
3.64634050053
3.27126301051
3.26156772681
3.21221151083
3.13836760988
2.84694276079
2.66943040767
2.57427103154
2.29143713383
2.34015019161
2.33172077374
2.0639540556
2.01288262061
2.02675098647
1.98924640877
1.98271576385
2.2856352279
2.17055349081
2.13526038184
2.08283998381
2.02570455855
2.09573112606
2.35640094363
2.57165936085
2.73907641902
2.54844537682
2.44899068579
2.32223842472
2.21957750831
2.0470853948
2.05750222
1.83272700094
2.05279760723
2.02908879592
1.93613550156
2.03941444527
2.10759353445
1.94946361383
1.82850750069
1.86909368773
1.82745069178
2.03660759677
1.84322615074
1.76397041112
1.65657312309
1.67815580921
1.63882096032
1.58973371784
1.70094180437
1.78742076833
2.19898787029
2.50441137878
2.13990022648
1.99264203271
1.8411936797
1.51927278346
1.37004906709
1.31126650549
1.31851451502
1.23644259386
1.21550863822
1.20246249945
1.22193499446
1.47677499899
1.38583741224
1.20781861484
1.21462229902
1.19402691087
1.41599443049
1.51258241056
1.5426467881
1.64643195833
1.60173543132
1.60718915939
1.61237749834
1.49648444
1.36401498433
1.23327350572
1.14130844765
1.09624172658
1.03603333546
1.07534795023
1.14806373252
1.17280478309
1.20199300299
1.16133297078
1.22492665226
1.08453935885
1.34868898846
1.45269513839
1.5306134944
1.4473684784
1.52640422376
1.19089403246
1.11267524982
1.01676418362
0.942833467097
0.77491249181
0.714297343228
0.697137080061
0.661914453908
0.560372293469
0.630135344019
0.516860763183
0.581959132938
0.578049190373
0.502270290251
0.553954202168
0.482286719499
0.436147362332
0.414078886613
0.407692508463
0.354326795808
0.35171178344
0.307423883112
0.322751726025
0.308362714093
0.31416551518
0.3708127648
0.257741940742
0.298901004259
0.382678859123
0.338326396749
0.334241684318
0.324754290408
0.390996937401
0.421642409636
0.452226860933
0.421778777816
0.286640540235
0.199285922408
0.209650970832
0.246799451248
0.311609425124
0.326167829582
0.36257240237
0.417430269445
0.393110148901
0.38105194801
0.431615411906
0.424538252622
0.381914937545
0.33273915884
0.27183931851
0.318674297509
0.434874743015
0.476335807719
0.510306586152
0.465857450781
0.385969819569
0.387569759143
0.357376148723
0.312096224796
0.286949945325
0.337367251389
0.406229910345
0.33148264171
0.422695855725
0.398374753397
0.393210316395
0.323729646864
0.398083194747
0.401391123168
0.43569036133
0.395789934338
0.327225237769
0.356240581764
0.346726698655
0.454028712768
0.378232419212
0.312780166232
0.274282451445
0.200125628942
0.246667133668
0.186644579879
0.205831251462
0.163011183193
0.114020528781
0.12797599471
0.0940881173079
0.102254736765
0.0639267017025
0.0514336644934
0.0703986056202
0.0606790577511
0.062362160604
0.0497711230508
0.0436057634788
0.0467770177999
0.0620988834026
0.0334816833984
0.0293465768654
0.0208546763327
0.0214754332337
0.0420611459409
0.0264264798456
0.0282020104222
0.0309749080192
0.0163520570051
0.0114831860613
0.00944418345836
0.00968468472666
0.00947686120533
0.00717873512818
0.00506782691062
0.00189520889371
0.0204066668642
0.00283531158028
0.0182375386725
0.183570303154
0.0502857938931
0.0759088838884
0.031234356418
0.7386774355
0.388581408437
0.176222841163
0.340486808261
0.127230964523
0.11693613899
0.132720972494
0.353290820716
0.4715527179
0.497712337417
0.466691049641
1.05272230693
0.974976775311
1.3449963876
1.50223480864
1.74108470811
5.29752413047
4.82459689884
4.7537738455
4.74919493223
4.82318262162
4.47860990857
4.25127829448
4.46763510611
4.47532177234
4.60955820044
4.41821762926
4.64750877387
4.65746497669
4.59871539948
4.78016107217
4.62251884573
4.53861493604
4.63263061167
4.94634434743
4.71231241096
4.91574761495
4.94005503841
5.71542530506
6.07504240544
5.73927617225
5.27003800304
5.76239848781
5.54276782368
5.10058783149
5.08535275154
4.54593605465
4.32705721545
4.47619014159
4.37140520623
4.07377564274
4.39594757921
4.49053469269
4.6467893144
4.30020423266
4.46149651024
4.4989693988
4.60577852498
4.12978007916
4.22388764621
3.81025312197
3.90678302903
4.04285402722
4.12664465199
4.0822536525
3.84599824173
3.84918325308
3.90111755188
4.10530851072
4.27112969601
4.51408979007
4.39932130757
4.69843100496
5.09513506936
4.90042709729
4.34890418203
4.57273452803
4.33194482202
3.89447319568
3.79761848314
3.62899111819
3.63303691533
3.75556613625
4.1054630497
3.48670467937
3.49876475699
3.71211236432
4.41434240654
4.12284078059
3.78500234683
3.50707860305
3.13301145277
2.95709622736
2.87496992417
2.79637957643
2.84036895387
2.78106958415
2.47797248341
2.66498160882
2.4379860954
2.39156075826
2.39726230388
2.45433681974
2.65502441596
2.53032855721
2.67091494756
2.80947726623
2.6271654017
2.61509870555
2.60377356536
2.66330058702
2.41115938364
2.04023468216
1.90820681362
1.87034241096
1.75741993737
1.80079535322
1.70009394013
1.79445279387
1.89954959624
1.96715787403
1.77017776178
1.72651855264
1.72069090338
1.59877832596
1.62913991022
1.771872663
1.72922014552
1.83551620838
1.85169207672
1.86135515877
1.69173647346
1.65822743241
1.73894463685
1.62634616597
1.76956008544
1.58951584266
1.44279165498
1.49235641434
1.52726281552
1.41009772228
1.41683581587
1.32283335965
1.31256933126
1.4520222061
1.64215631072
1.87135571812
1.66818145435
1.72112795769
1.94871468441
2.12073550418
2.1249691181
1.95696199061
2.09617418113
2.21891286381
2.15918057364
1.75879269345
1.75365041863
1.84547507087
1.91850654117
1.82016572466
1.69672517342
1.48286820418
1.56984532925
1.59261781837
1.56572037485
1.49092114189
1.44513601362
1.70159932454
1.92860239223
1.90593036037
1.72095191033
1.66245299204
1.63773578597
1.61144923603
1.78749735143
1.74754599382
1.90046847966
1.92703317571
1.91661893864
1.81101814747
1.84842004883
1.79042779534
1.76285842192
1.94298345759
1.96164223866
2.04228593069
2.00215851013
2.0924739612
1.97911241215
1.87833102938
1.96929184863
1.79716484952
1.75792222356
1.66073173525
1.71862098385
1.7727728645
1.65071000894
1.75263202965
1.74192198378
1.62221191177
1.76949850645
1.75037169906
1.88609426026
1.52911895934
1.45732427862
1.4964031665
1.46112433181
1.4734336529
1.6278632702
1.62245328729
1.59937927347
1.58812039913
1.77761475165
1.74810638922
1.81667809417
1.84330587167
1.75093493384
1.83191674863
1.84227362907
1.93419640263
1.97952042799
1.729654791
1.66939356208
1.74656482856
1.74966714795
1.80722974361
2.04166545331
1.83920671033
1.80486288849
2.08397128553
2.12959656603
2.18831324619
2.09755989795
2.09574457512
2.03989331928
1.99496849111
1.98543083864
1.80754166838
1.85164987743
1.73553850712
1.76574091295
1.6885365068
1.7502871595
1.7889131182
1.64671135398
1.8297099849
1.821834381
1.81145812139
1.90163373333
1.80674621296
1.89153507324
1.95474794196
1.92573700581
1.89435360798
1.86910941643
2.35071993578
2.31406749509
2.21199126554
2.11765241865
2.15480005565
2.36612780518
2.25291299192
1.98080860076
1.77452553047
1.61876981919
1.6861518363
1.46147897609
1.36593594735
1.24180856074
1.33982949886
1.2113209459
1.26573219052
1.29602603905
1.62636682919
1.72598596791
1.71021794701
1.80589630756
1.62528421122
1.72162762277
1.71340426138
1.72820716888
1.77705745683
2.03781906376
2.05406060049
2.03490288919
1.93665504007
1.76885189286
1.63330146769
1.7414440663
1.87751993532
1.95547617029
1.69706040196
1.68738739129
1.82946668667
2.15986731114
2.07698237255
2.0824686867
1.88774774514
1.897303474
1.92251669116
1.92632845567
1.96495322703
1.84482421508
1.55124546279
1.46692655759
1.41312061041
1.38292282656
1.19203589912
1.26817219615
1.44719715027
1.38615981643
1.25789712824
1.30521021045
1.45108066519
1.50672918956
1.7871320611
1.7180870771
1.69425979549
1.69495033218
1.91873810698
1.86925855212
1.57187133528
1.52492177004
1.45116776083
1.30064520434
1.29899903544
1.29898915975
1.20211380985
1.26066755527
1.15103837266
1.36262021996
1.28663854221
1.24663966686
1.29519420422
1.44115459791
1.74488902687
1.59462515437
1.3180270689
1.2314493583
1.28928831972
1.33295120873
1.21169304982
1.23818299162
1.33387178012
1.28057122712
1.18999959044
1.10066215389
1.05717010569
1.04664080538
1.06080544143
0.97492168215
0.957286781184
0.804075634796
0.805259721248
0.815264491308
0.969346800278
0.978995862669
1.04624402239
0.972054782995
0.954902905252
0.963931022963
0.911925270377
1.00896229827
0.891264507548
0.953673321335
0.964344280196
0.814966119858
0.818760931764
0.821141037222
0.98616405945
1.0056692121
0.975662561491
0.87656715948
1.024157746
0.86902263918
0.725970166419
0.702377110336
0.706806058352
0.702762651946
0.558315789434
0.684810172716
0.665962486711
0.522639595232
0.445482492629
0.456976405118
0.444546092599
0.358327762846
0.408448169798
0.389802360268
0.438340352073
0.468057066844
0.45995175975
0.480504516259
0.419867728256
0.436434942315
0.343527388694
0.326201542036
0.343987348155
0.39860225201
0.372227369285
0.375699716143
0.370717635278
0.338155459828
0.334099048597
0.401794488361
0.403296869217
0.518510949909
0.502051468265
0.438692348543
0.518517677138
0.50800221874
0.485379222157
0.479514193102
0.482799474731
0.50123819022
0.510601339761
0.511836980986
0.629133305788
0.591951479379
0.55617508458
0.655951304145
0.714349467544
0.67885993545
0.605763118878
0.571182314742
0.548414363998
0.557329913648
0.559282507253
0.679589510016
0.68873293757
0.582950521136
0.558891812909
0.577875632482
0.559228996074
0.527526148692
0.592840751692
0.522576853002
0.356988006055
0.375015007863
0.370103196926
0.361252884383
0.446533040944
0.505148547655
0.504683676786
0.580116334187
0.428386926687
0.471931622692
0.543539670434
0.386007112578
0.301106658819
0.145038082384
0.174383040156
0.127004158738
0.0533992344993
0.0491854041797
0.0433168112608
0.032251643231
0.0136570704147
0.0135733597154
0.00724260329481
0.00209909685604
0.000142237670588
8.26590897702e-05
1.20496173253e-05
6.88649492986e-09
