5.69408957456
5.80804407147
5.8727075122
5.86230088583
5.92548092224
5.68686926748
5.59596563487
5.79976508545
5.65253281944
5.77722704821
5.94557094705
6.07830780473
6.4196488533
6.27804850184
6.43855819177
6.61905277797
6.32633776016
6.15826104298
5.9976785026
5.66657358448
5.66161441771
5.3150623678
5.52322364203
5.28555949651
5.1321694035
4.93483272718
4.97317665152
5.35686543716
5.29156284254
5.22124700013
5.66476674506
5.41542840539
5.30553379519
5.17538357202
5.49738028311
5.41420553645
5.41896937122
5.6874477357
5.83189108957
5.95895608001
5.63179377968
5.65890946633
5.83159510028
5.97956615318
5.92337702213
5.92933305788
5.68256762961
5.4896147751
5.34593727346
5.39409182824
5.36751004765
5.51215987551
5.56472941439
5.35638425479
5.63868964246
5.6587007561
5.78611332034
5.62842115352
5.34290531136
5.36130020178
5.03433927049
4.9200364087
4.99751947039
5.1609364749
5.17076800506
5.44301544692
5.35361056099
5.24581250506
5.55046512418
5.45873556908
5.44089561985
5.37984634705
5.30896851761
5.26072173197
5.10526910807
5.47162476834
5.39107567131
5.38888053987
5.44233658149
5.67893786316
5.68805249382
5.75355176784
5.50288791237
5.19161885069
5.28821715998
4.98317339546
5.04341221453
5.07547369261
5.03020541461
5.20448388336
5.10086672388
5.35221597528
5.38050313077
5.53738975437
5.45775731547
5.28951361962
5.4583597964
5.23050208611
5.20416898633
5.43660452843
5.49535151415
5.67858084249
5.75393217251
5.65347097085
5.75681132602
5.54790536079
5.15649206214
5.0898542249
5.23730383354
4.98017218395
5.00470311247
4.61115762936
4.62114532354
4.69226447946
4.26316243388
4.03871707173
4.0357921104
4.0748927093
4.34264469819
4.37948686086
3.93649985115
4.23956678229
4.53099307249
4.43448270239
4.51943329708
4.41161095721
4.46412109923
4.44702877144
4.52655196223
4.22850211796
4.28337754007
4.31977245653
4.29059927214
4.50163189364
4.36843718761
4.28180889597
4.3863399491
4.22957094626
4.2833315997
4.30151792582
4.42358685562
4.40405949138
4.31174086738
4.05037641718
3.86601023093
3.6665590412
3.59240189321
3.83088480715
3.98646689611
3.97659499366
4.00411264646
4.04965405337
4.0394007712
4.14283233497
4.0459265894
4.08236506667
3.93892730433
3.87283682099
4.03263701101
4.22304200694
3.96459614031
4.31688264323
3.91293875935
3.97441552215
4.21876243223
4.1974822373
4.28303085755
4.50584583083
4.30657980693
4.11399486454
4.09284378389
3.97389495895
4.1656640513
4.03427075357
4.05747504031
4.10111226017
3.75045501359
4.08137603608
3.78334530637
3.81728091088
4.23176640628
4.19481611738
3.93021470497
3.89054418901
3.91574512339
3.89622121136
4.04179512442
4.06971814818
4.1152354456
4.22962867921
4.01692106673
4.20494764675
4.51787380589
4.42155335938
4.36640321247
4.49648080909
4.60858277502
4.6598433246
5.12441349902
5.16072663204
4.71817834438
4.78815441558
5.16291416813
5.21178060762
5.48784613926
5.54658964157
5.48922152681
5.58288500178
5.71741789844
5.93349611758
5.72472715488
5.61470345666
5.69184779592
5.94377278668
5.73036633583
5.59167439878
5.78764665443
6.04420912766
6.17648742994
5.8636310863
6.03822169633
6.05278473614
6.06621963398
6.02172744608
6.19553078878
6.37398249196
6.74989428292
6.53545784784
7.05233805964
6.55582264521
6.21750255952
5.95216454023
5.94863764855
5.70695928229
5.52777101469
5.0210577446
4.79680382796
4.55939027567
4.64983048167
4.67898560315
4.62225180243
4.78123776112
4.75812638121
4.99487146752
4.86829950768
4.81757287956
4.80984055143
4.88741981047
4.47737683804
4.66588246363
4.32191137347
4.37323286839
4.20586294859
3.93859821076
3.91932494553
3.61694054557
3.05361180883
2.94769219534
2.98484083923
2.92292340027
3.48025239814
3.6607808826
3.82786036785
3.67521667665
3.46297579954
3.44068154336
3.58988590987
3.66470057163
3.56979342369
3.51818388122
3.4171818199
3.28623121904
3.14251384731
3.00279819173
3.03198076689
3.20256656703
3.12602126097
2.84258835548
2.91524031378
3.11219681819
3.16291762123
3.01866183269
3.18556209683
3.21551611937
3.177953288
3.14183457483
3.17279258781
3.02194819287
2.93255000891
2.59028330757
2.57035430646
2.57573448373
2.64182560571
2.48357627649
2.40615653903
2.25576684129
2.41567857418
2.82212140826
3.21169185374
3.19445352323
3.03386015564
3.14970911908
3.42691342368
3.32998379177
3.44161489933
3.57200084487
3.44183559503
3.45083365404
3.16915936859
2.83835111676
2.60280963195
2.73125354935
2.75556646899
2.9125869138
2.59610123831
2.42668684863
2.64759330649
2.30125785172
2.45754365886
2.39661315743
2.5099629052
2.35980696511
2.19540746881
1.98750157035
1.93310217069
1.76361202485
1.59356150983
1.38713926404
1.54466134957
1.40119680377
1.28748446088
1.2216379818
1.104555673
1.06930625467
1.08238036584
1.35813709578
1.31767191903
1.23262850734
1.24038165114
1.16304298555
1.06036148179
0.959679613167
0.885332579621
0.89555549143
0.776624307851
0.672983364937
0.654042962404
0.663763551266
0.585303818267
0.625359306883
0.443736977326
0.362797325839
0.352343093387
0.436413814013
0.484735336486
0.483886307472
0.42414137383
0.360365875511
0.35832407062
0.300072204231
0.303020360223
0.297504354746
0.308533458406
0.314224173547
0.427866180954
0.423957195448
0.392091235614
0.32757697588
0.314118045159
0.38060728894
0.308258450442
0.319071428859
0.285700718284
0.284674319868
0.325874254396
0.325743647538
0.338821379611
0.46269465406
0.512163802939
0.63870412129
0.607304709611
0.59436846393
0.512722065442
0.414121382894
0.395904351902
0.34150824187
0.419888865145
0.342428089123
0.381177298187
0.382794735973
0.435547237361
0.433674946409
0.38042333225
0.508656883438
0.381145569362
0.401169910583
0.397384060943
0.445117195802
0.426970005552
0.394801157706
0.337135757407
0.35521261507
0.432007263339
0.507874116944
0.470854213587
0.526521786059
0.619342667813
0.696123357696
0.637742746229
0.595401145355
0.50657876141
0.486317959506
0.448088567083
0.648347855647
0.545694689575
0.546990024496
0.421199454682
0.603802834684
0.48305764121
0.44866568241
0.458081071377
0.460101237849
0.400347879799
0.400021619833
0.505561524218
0.403699406362
0.340078241735
0.37380382752
0.252351876635
0.245972076289
0.161944245337
0.143896683164
0.178391988214
0.134938782708
0.142709822743
0.120644150487
0.20318138404
0.102721568769
0.0295562453876
0.0275351716296
0.0424421304104
0.126579805381
0.0998423183755
0.13334609774
0.234505033895
0.242797313847
0.170885331944
0.192598486782
0.0223375265661
0.00211500684074
5.63477813493
5.6634952016
5.39408541197
5.19222109085
5.02503608533
4.65154042461
4.46195842644
4.19363403135
4.24691630342
4.19845148926
3.95070282288
3.83685160431
3.7551591233
3.59622699462
3.32757180057
3.04513484367
3.34980899559
3.40114499748
3.27232288119
3.06352501932
3.43115774456
3.27998607634
3.18840938814
3.28649506668
3.25369177558
3.21403425533
3.23706044667
3.0009813477
3.0046348755
3.29451462934
3.62811834872
3.63227796566
3.33430755528
3.4412729451
3.52768786563
3.46935286836
3.12416031341
3.07835865077
2.99894540782
3.0692042872
3.17219175354
3.04235738091
3.08968297998
2.89771255673
2.63848490518
2.55008698712
2.33347642631
1.99346956079
2.06848169279
1.84695345632
1.78151677008
1.76302528532
1.72600483749
1.64394087254
1.8352393249
1.66041760126
1.95061988024
1.91120873107
2.15689391671
2.30590214789
2.27679196719
2.54110994249
2.40491676881
2.07716672599
2.11329073405
2.14379115926
2.27315315296
2.27504286229
2.25380987742
2.28659384325
2.17326661763
2.30073061536
2.31233687662
2.27405131135
2.33346507313
2.3856336392
2.00732813424
2.08177657202
2.11704384261
2.02586083718
2.309715614
2.24087959745
2.25628296465
2.31026506535
2.35562925653
2.46017693952
2.35349098201
2.30601046841
2.32353811226
2.4096758136
2.53408289014
2.34658469077
2.52398567433
2.36439121792
2.53622318271
2.35387203775
2.36348521575
2.37183974838
2.43728063053
2.26571922461
2.29336094971
2.5273217449
2.50029524037
2.40272154612
2.49197472725
2.71585548506
2.91158473906
2.95274948542
2.87526745477
2.83608636327
2.96288099091
3.05364795653
3.05370594002
2.89577078022
2.93246880044
2.96748063918
3.07833761358
3.27096643481
3.37036463996
3.11429169371
2.96131764191
3.04857298612
3.05622441711
3.04552182679
3.16248514252
3.36231804099
3.38454923489
3.39962784857
3.40022341546
3.42217268246
3.47736251761
3.4727844083
3.374270934
3.15370785828
3.11175558129
3.29018617468
3.25687911419
3.41121565257
3.09528123899
3.12745884698
3.29825573467
3.48358085112
3.81223658559
3.45554327213
3.77394828235
3.66644247196
3.5026305815
3.36855842984
3.29065188912
3.16230766967
2.88173745987
2.87383310955
3.096142969
3.16649932146
3.20828112543
3.01760120534
3.0351781846
3.14050157519
3.27749263954
3.13549121477
3.02732930616
2.99894412957
3.1112104919
3.14713371342
3.43067341441
3.30507809197
3.38718510073
3.50164193931
3.68589478423
3.6076483082
3.81957528605
3.97741102394
4.25509963937
4.26573065891
4.42374065968
4.46457467211
4.83191840469
4.96063996006
5.01789149876
4.8438812111
4.90087739261
5.08746894615
4.75775643103
4.58226227318
4.51759137472
4.56633332615
4.27410826935
4.33326843065
4.21682174835
3.99955381401
3.71816551222
3.98984737101
3.84389707826
4.28133697006
4.62844198291
4.5222893356
4.63400488369
4.76658870916
4.73426779176
4.59385610545
4.70777857442
4.49965658427
4.40992987827
4.24667230221
3.7838616843
3.88797694591
3.40130244153
3.34563258073
3.34814371661
3.22839643527
3.07255119982
3.00909795626
2.83884547988
2.75211565215
2.67645200156
2.42698861111
2.32849428903
2.27916603132
2.16827268932
2.14142751896
2.16125402165
2.36415415407
2.11157774042
2.20028637839
2.26048155679
2.23798500714
2.27121006188
2.35809809816
2.61840963892
2.70625794942
2.54461268955
2.79288192136
2.68411392817
2.70289937699
2.4940648182
2.39908668472
2.43971215069
2.3501395537
2.30397052913
2.1675997143
2.03510627719
2.02952784836
1.77684271666
1.99683477286
2.03803644152
2.00769379139
2.06776470571
1.89768163894
1.71450760236
1.91234186055
1.93117926438
2.01538100572
1.97794506858
1.92705422468
1.91306125413
2.03370234692
2.01908096937
2.27902293006
2.03485126386
2.20584131609
2.28858417518
2.36323214015
2.42719822863
2.3934422307
2.24284416271
2.19546412564
2.37740536024
2.52559554113
2.67017306233
2.32925758793
2.35615020177
2.24452344999
2.55961329023
2.85379047384
3.13902800563
2.87885631297
2.96254953048
2.55397367717
2.50201177649
2.47137840565
2.69142345867
2.67273194904
2.70495915762
2.51531142624
2.67825153546
2.6660748665
2.53850718095
2.75052622364
2.55851111298
2.52993894405
2.96923745465
2.65929926603
2.67627197099
2.56455893439
2.62549495034
2.75942225475
2.75676091525
2.53646710193
2.51489774355
2.25401533086
2.07054796594
2.11420280118
2.26991249442
2.04306414629
1.74131759677
1.72535511096
1.54422350543
1.53176452593
1.45046882271
1.40736631276
1.46806523111
1.29745277994
1.22412444007
1.14056120152
1.19374771288
1.0989419616
1.06139015732
1.04574339322
1.03723418218
0.92628040001
1.01467945182
1.02882657921
1.07895802125
1.06529215052
1.2138610519
1.05496200363
0.885963507391
1.00995508766
0.975740277589
1.12964026171
1.04596081594
0.881261925266
0.831981722134
0.746519985745
0.629668825897
0.569705785671
0.596193863348
0.690849391534
0.611017593302
0.647138851932
0.677134043658
0.558580123805
0.481421255826
0.434230680366
0.414372725935
0.373464341989
0.272596069602
0.30697933357
0.2431753629
0.226265664844
0.223463583739
0.222045643466
0.198719792046
0.204050718549
0.206050066916
0.180047065383
0.134500922264
0.135964025124
0.152319435679
0.161787300077
0.167213916159
0.152521581238
0.196618049367
0.162919889904
0.149748679263
0.158903095139
0.154961609915
0.121551476227
0.105015398401
0.0883277436027
0.0797965206854
0.0681669514947
0.0508034376931
0.0527965649835
0.0366192774634
0.0371446226055
0.0216951169516
0.016492167455
0.0184835072703
0.0257809602617
0.0266950934272
0.0243055857981
0.026737005546
0.027656372427
0.0207101413553
0.0207478790341
0.0151475541031
0.0169524032494
0.0235510114286
0.0237001674005
0.0265430384802
0.031789540799
0.030790652028
0.0370840760688
0.0246227466377
0.0262234215845
0.0228033882206
0.014248461803
0.00777863203009
0.00600729265798
0.00799482192264
0.0103112504323
0.00954195514531
0.00897817894144
0.00752482749529
0.00752847279272
0.00696259018063
0.00899073909373
0.00670086700231
0.00871847632955
0.00612826829968
0.00253780325321
0.001816795173
0.00262982203881
0.00374084256634
0.0034215860902
0.00365685118478
0.00255072151091
0.00157879247173
0.00168030917766
0.00120501338722
0.000809140439395
0.00063948100474
0.000130694070419
0.000183144718167
4.81043331496e-05
5.66547515258e-05
2.31056329507e-05
2.20572159102e-05
1.04521670121e-05
1.06816762716e-05
9.42751946341e-06
4.17821369798e-06
5.24451876454e-06
1.00552069071e-05
1.06354051357e-05
2.70146716204e-06
6.02562964975e-07
9.20358549478e-08
3.3141517331e-08
7.46925634113e-09
1.83015442102e-09
4.09924942727e-10
5.89438575652e-10
6.76575338676e-12
1.76343752912e-13
1.99916516993e-16
6.70888357256e-20
3.63011316004e-29
6.6044549557e-49
2.28159634294
2.34586483853
2.49383251097
2.39133625551
2.64469781301
2.65864697815
3.00244742045
3.092838576
3.20113764663
3.03060968571
3.01128829076
3.12131830191
2.98113768573
3.13416259877
3.11799143089
3.06405329329
2.89549250288
2.65756494752
2.70197103887
2.81088824426
2.74238836768
2.65544006601
2.90109387931
2.99717016629
2.90820510545
2.66313779205
2.45625267254
2.65516901517
2.80762972469
3.04778570723
3.04430986773
3.2292900441
3.33752808665
3.57341171267
3.57170801379
3.29389970115
3.2660730389
3.52466615871
3.60988653132
3.76432824378
3.67229676289
3.34582399773
3.31984517369
3.19502816324
2.96766092958
3.08822739272
3.14389817637
3.02520939539
2.8661989616
2.58980433267
2.46244180886
2.34656169935
2.39265517891
2.34506637865
2.35513455213
2.3342059742
2.27551285981
2.2068923211
2.16610421946
2.22794337531
2.29473159358
2.19338114513
2.28741650086
2.24516178428
2.528317422
2.48290065526
2.60602504272
2.69543440786
2.68999786565
2.38712966671
2.38386449876
2.47501791571
2.32075964957
2.4700939162
2.52301736033
2.63770230463
2.6313515682
2.69833560097
2.78383053986
3.13946688918
3.03180555504
2.84711601937
2.79229224843
2.75562468601
3.02185770177
3.02378044762
2.77162275768
3.07908698361
2.91908649683
3.10842015447
3.24677956152
2.90827686218
2.84183687608
2.86953659054
2.98463451296
3.09975668809
3.0803437795
3.21504883351
3.67628182224
3.59746983298
3.66530911677
3.55186933332
3.56224759688
3.73425886855
3.89026235853
3.77717668154
3.39417365108
3.15584365219
3.31212057918
3.51906756594
3.49360070493
3.56038003309
4.12042887829
4.20403227094
3.97317002418
3.91164506662
3.66720853175
3.9748228021
3.86006963844
3.90175577474
3.99431981959
3.75071226684
3.52358398642
3.58084984557
3.70464230729
3.79545218126
3.85154680973
4.13853341237
4.03830363616
3.68092389833
3.39804784508
3.25990693077
3.32227884003
3.36186427965
3.1085758177
3.10207117302
3.19410986101
3.48883470733
3.47658284675
3.60224890147
3.60108119753
3.84412672143
3.67701257654
3.66616479016
3.61616047096
3.63894554526
3.78181832681
3.81498669774
3.76548004835
3.78146545475
3.88603058412
3.69832983587
3.54827955015
3.41814944107
3.21876025105
3.24253597562
3.13095753679
3.18300286517
3.01080495451
2.81276581122
2.86945649731
2.60799032004
2.64706045327
2.65112574868
2.67601924587
2.72886095142
2.70335753065
2.83975566959
2.78775391201
2.93392968242
3.01367621119
2.94931152402
3.10122025474
3.25829329626
2.98571156635
3.09787333792
3.33613669853
3.29020253317
3.23294589007
2.99305208728
3.18396975892
3.01500756194
2.88546796881
3.12151909702
2.83089991459
2.85415340363
2.85787684436
2.89511592491
3.26021472407
3.15747964124
3.2450057014
3.20162028005
3.29717082272
3.16908510678
3.16197096239
3.18237813565
2.70644870843
2.59465760026
2.4929328149
2.27518369446
2.41811067028
2.65906879375
2.79756208342
2.72479914649
2.90464873418
2.80249731666
2.69815445008
2.56418105748
2.4692145655
2.5622684594
2.50636616083
2.76496112419
2.90736510433
2.71866287097
2.65570204255
2.70828995161
2.91469566784
2.88807715569
2.98314939706
2.61970871446
2.82919710205
3.06575217974
3.46929530633
3.37152741356
3.61302415238
3.55155777518
3.88695663773
4.05136250449
4.03524171575
4.48111314181
4.41756352342
4.40724481671
4.89785786321
5.39947750819
5.22087774139
5.18694701046
5.32723329473
5.13998616699
5.33122284404
5.48658314574
5.3815124835
5.17563165548
5.03033279048
4.90886686138
4.22742142614
4.05940189126
4.22057762128
4.14446534965
4.37496588649
4.24015649501
4.24559831016
4.32554877644
4.57546324005
4.34622649791
4.70683035744
4.96668860151
5.05998490556
4.89994374528
5.05796208647
5.45612591819
5.32301917778
5.45163395127
5.0539075211
5.16394775043
5.04537652888
5.247161683
5.01877887372
5.35170768839
5.45608824707
5.50255723498
5.51818902236
5.06514596292
4.63324462129
5.28458747114
5.65387842864
6.00846150892
6.62689040284
6.96771659098
6.74083304945
6.41038062469
6.45818507925
6.13417138553
6.22112300063
6.32160113516
5.87370260235
6.14511607796
6.60982627689
6.33130327072
6.4724795138
5.94735307369
5.44778721162
5.29007950605
5.03170768641
5.21285324686
5.30144962172
5.42352308732
5.57443735493
5.86591900371
5.67587808304
6.193192696
6.26678136409
6.25172400256
6.21919828617
5.68858782995
5.69140200123
5.48962636496
5.95174173632
5.70207335613
6.11334373978
5.51318691429
5.22522524829
4.92793324931
4.90612169753
4.69167817191
5.35482982781
5.42484258936
5.62332510634
5.7202253458
6.30866575892
6.28479873404
6.08961428981
5.81859100344
6.08730117049
5.83120203278
6.36696212352
6.15803838535
6.04116243674
6.02417657853
5.80523120528
5.78291899508
6.06866539914
6.25339112174
6.39195652121
6.43801925508
6.48287804232
6.47335379843
6.21636872954
6.09141527389
6.13308692998
5.92840615278
6.52754168816
6.40388807866
6.05190977612
5.75243566327
5.7791070642
5.69751905506
5.45307272101
5.23944093052
5.05171832565
4.92981802451
4.83916011744
5.16595947469
4.81090543575
4.52438466924
4.33153004554
4.32911492109
4.37221402028
4.06725479051
3.82694946292
3.70364500558
3.53713578208
3.60582393867
3.73152390418
3.76785745171
4.09016748495
3.97615976392
3.63512768299
3.32333706881
3.23631963076
3.28152866319
3.21031275567
3.07018802073
3.21318937822
3.25039000598
3.28205074699
3.21784682199
3.20631533894
3.35006077938
3.2478765751
3.33688120207
3.36839360946
3.46776413227
3.07808745647
3.05737576243
2.96227543868
2.87137664919
3.02152360884
3.08507200877
3.24208769583
2.98709052213
3.14144867957
3.22124406382
3.31541702265
3.63880900425
3.26203972347
3.66184680418
3.54338955168
3.69523713909
3.91050493302
3.69703756378
4.1028595417
3.9566883569
4.33835704145
4.47127390269
4.24407497903
4.40961047725
4.2371019183
4.51995739639
4.65034764458
4.48185945173
4.37943302466
4.5543858285
4.78266172919
4.76056429532
4.71549825076
4.41951192301
4.61904927723
4.59082604942
4.41164680906
4.40733301417
4.63585567791
4.51058945842
4.27738555013
4.42083726941
4.38391898972
4.50764667682
4.74077593643
4.37833505367
4.64096609253
5.13729820357
3.39041678782
3.79340238344
3.69140304926
4.30726425071
1.54458179752
1.96802668143
2.49111732506
1.93696935428
2.30662804575
2.22909572037
2.23475514493
1.44935189034
1.06055008605
0.920129310358
0.843155811516
0.266028957795
0.229014937597
0.0661943011447
0.0216879320092
0.000923251391499
5.85170574629
6.12945924033
5.99105648002
6.12760981955
6.0906599949
6.51461595861
6.64668531679
6.46553990896
6.39134341828
6.03713122143
6.19421399622
6.17892099101
6.23323043556
6.46157773862
6.60583479376
6.67771389725
6.75742319372
6.68836787052
6.46898644546
6.75228062628
6.64014547928
6.58563557065
6.18589093323
5.85997390541
5.97945945238
6.40630358793
6.12051517604
6.19956216018
6.34826300698
6.35728775311
6.75641904186
6.79117811463
6.92050048283
6.98686936172
7.30108016497
7.06901980365
6.81684504219
6.66281857093
6.94892542781
6.90412470202
7.13245897965
7.05512058195
7.31520139657
7.45076515396
7.94407797033
7.6488343469
7.30518773007
7.35025673178
7.29438222187
7.4924020379
7.68033106175
7.7320800129
7.38068545011
7.12876131953
6.78106676546
6.92843306918
6.59687578942
6.31107899687
6.58241742945
7.13995339754
6.95166522372
6.82170757264
7.32079692382
7.31314407363
7.42359166541
7.3289999631
7.32264560817
6.85363241739
7.48372945024
7.31099848997
7.24181060061
6.87376064954
6.9352703683
6.80542653839
6.89486917981
7.25479460482
7.36223570808
7.56520314358
7.60491460826
7.80224114342
7.8967965758
8.14285959228
7.15818366717
7.0943410096
7.32373829584
7.27863003064
7.06868385217
6.62221534953
7.12258909237
6.67872334886
6.44870333521
6.62509509271
6.41265104686
6.05777842163
5.83913611404
5.78872126867
6.29769088105
6.12564611495
6.09272319913
5.94788370758
5.70079369642
5.71109966402
5.61320770415
5.60170449633
5.41198589993
5.5108666057
5.75106571634
5.66140070638
5.33004772828
5.51851938332
5.58118561677
5.42887992829
5.18000030921
5.1374622359
5.05918874277
5.36762169797
5.46587908106
5.03855566469
5.29080671925
5.35431959659
5.87705533285
6.34804978229
6.26645821895
6.44540495704
6.55930387551
6.85080365781
6.65997977768
6.33251903798
6.29167090439
6.33723041977
5.87391635883
5.90313285767
6.11437472334
5.91113100434
5.98589340429
6.11749739663
6.1025933582
5.89178633512
6.01389417941
6.13427429755
6.24708336313
6.065343442
6.07963376098
5.77595029605
5.70055159245
5.66077713401
5.70152695867
5.65561885199
5.3295758512
5.54801658318
5.29253820745
5.52078374094
5.10498048741
4.56534729918
4.51348219508
4.62164095503
4.9701218045
4.99793216123
5.19844118909
5.09266282607
5.20089556545
5.04292700408
5.19557534476
5.04877923472
5.3883081556
5.14973637834
5.01689230833
5.07584120836
4.79014013566
5.35512009764
5.78587537491
5.85472963647
6.42334128147
6.91175954953
7.2293240438
7.16981866602
7.5811775058
7.60144838424
7.93280738603
7.81902426391
7.82505324926
7.62729957263
7.83717358215
8.05666893363
8.0991624774
7.84710556087
7.54156613716
7.40532073517
7.63298359245
7.24118415377
7.14314354143
8.12199195471
7.6270884213
7.37317175649
7.29649805049
7.28410438034
7.17458402897
7.04317592817
6.95642438664
7.03540147335
6.74235996549
6.6272228754
6.82948325846
7.02077335674
6.74328745366
6.75141041083
6.6278196395
6.57726706528
6.62878919971
6.86694141498
7.16202693089
6.73268650565
7.02833845587
7.2091279722
6.51642056969
6.42780097371
6.65073945652
6.78243436494
6.44824506241
6.6046221614
6.08394609029
6.06485711266
6.1980923342
6.0341103465
5.98574989793
6.31217180121
6.24709066684
6.17375290281
5.87700716577
5.9556254468
5.43264907463
5.61981884163
5.32980597367
5.42459988109
5.46543935748
5.38936109657
5.38655476071
5.44038422008
5.44147102837
5.56287545348
5.17380836247
5.19693530829
5.09647871623
5.29791909302
5.16908225966
4.99396999742
5.21548937183
5.29536694143
5.49640258849
5.87908900675
5.72298353476
6.12505074522
6.21706469056
6.66808972794
6.13070822765
6.87249055836
6.87161563505
6.70436667761
6.31906705172
6.09328587399
6.14764724802
5.99070878409
5.99293800967
5.62812388398
5.49048858994
5.71178357698
5.84839385797
5.50882003913
5.50255338837
5.42294799239
5.447253842
5.49270290142
5.53207729185
5.44736541856
4.97772630324
4.63438192103
5.01091849876
5.06176345157
5.13005816122
4.77466974436
4.64480110819
4.41398297892
4.60329282004
4.55539421821
4.33106817085
4.43810199255
4.41357987878
4.46300089216
4.78631053183
5.08812468907
5.22853248633
5.4554141581
5.83719120806
5.65063919301
5.15716488348
5.63291957276
6.030623007
5.78979965431
5.60585363918
5.24096580404
4.72071539792
4.65659575851
4.59469155993
4.63527176565
4.43032186272
4.4510102334
4.6828453632
4.7583160235
4.4777889211
4.43686947581
4.29956318488
4.4293109315
4.56478669917
4.42202080448
4.84525737312
4.30302935202
4.39292298563
4.21533875385
4.15267168769
3.77018138873
3.21126285677
3.50192771635
3.66117395055
3.67131157486
3.673145933
3.69092068241
3.88444537769
3.93884425052
3.95625297711
3.86307246733
4.09938535447
4.21448112258
4.19323949474
4.53986886754
4.269850265
4.19879320487
4.18083399753
4.18635656286
4.21178680329
4.36866243976
4.03238862751
3.93872667903
3.62685156035
3.66473593564
3.68026578972
3.78150108281
3.84132152472
3.72105551957
3.74951144023
3.61619296818
3.50078034149
4.08051192778
4.1542085208
3.89305306665
3.57844235679
3.46900423578
3.45123211092
3.7555767469
3.45951379369
3.71690119086
4.1361746339
4.11580715664
4.00459469118
3.73170627017
3.86022383911
3.77824401818
3.55138668055
3.73570763702
4.00895970545
4.02974450762
4.01455666049
4.14179442117
4.00992823232
3.92106907695
3.9179875698
3.75102910862
3.71291248172
3.61491882931
3.85587089355
3.76835440493
4.00413574299
4.01010281333
4.14400148738
3.85887775695
3.99722561865
3.72438405896
3.84079515635
4.18932701281
3.90781302228
3.63003004945
3.68080460181
3.35292068156
3.25868547153
3.11016082763
2.62451882725
2.54903015106
2.49611520439
2.53352439787
2.30265915766
2.32452302289
2.17979694085
2.09784619528
2.07070120797
2.01901734467
1.91259272912
1.72814685616
1.50373939292
1.56191443265
1.68120412626
1.848959577
2.04165289663
1.96498870687
1.86109472632
1.62242857943
1.63209720093
1.72823647091
1.69381652653
1.6077011475
1.5447125005
1.59564157843
1.45945267422
1.37348017657
1.81907812769
1.75029152024
1.68317549972
1.50891391645
1.28362135791
1.23568149851
1.13363107348
0.901447575216
1.18281217471
1.09185640046
0.915721325013
1.15712249286
1.29276837953
1.59722174885
1.43814778835
1.55054079385
1.93520992497
1.88338018866
1.76388663324
1.81364638672
2.14489236064
1.93921960607
2.1990230587
2.2802335177
2.50861688549
2.13269604464
1.91254852474
1.86692231939
