1.90206160732
2.00726158017
2.02203918283
2.07135388005
2.12928112971
2.04137809856
1.92342014589
2.0037843242
1.86778473338
1.96496406614
2.01143612961
2.16535011502
2.32640165006
2.14804516801
2.13958931346
2.19637937517
2.16789993894
2.0497461952
1.97456024771
1.77620554595
1.83085652403
1.61594981793
1.7157004867
1.54777897594
1.50833135412
1.40092077203
1.43194417783
1.68331470176
1.66396361154
1.65538338113
1.85251164653
1.71155151892
1.62298513582
1.53067531933
1.73105672251
1.72174598126
1.64680467904
1.84770099381
1.85639835167
1.9288680012
1.77989087197
1.86473870816
1.958435155
2.06659495215
2.00246535965
1.9697570692
1.7783991076
1.68692543667
1.59287727189
1.6721397232
1.65314607114
1.7340827651
1.76364408123
1.74000005594
1.90852974924
1.88325414407
1.97218025061
1.87677578362
1.78027412403
1.76906254736
1.56099137207
1.51672187006
1.50572003396
1.56101849093
1.55251599377
1.69040446993
1.66929739275
1.56159959127
1.70144054571
1.59466365721
1.52640137102
1.5501395506
1.47264896125
1.43747227468
1.36631011013
1.54871084487
1.46129576654
1.50593054445
1.53092997565
1.61192463546
1.58800746269
1.61261495233
1.45546085957
1.31336192563
1.33503054819
1.17443626876
1.26662843392
1.28917297232
1.26890906524
1.39601933064
1.37911972252
1.50244010308
1.5255256531
1.56546078377
1.48362898604
1.43013508412
1.52358628321
1.36893261899
1.34282914693
1.48244738231
1.43746669542
1.52423604801
1.57526145117
1.56341513132
1.58718476587
1.46269677585
1.32992594836
1.28785331714
1.33380173339
1.19080389437
1.17078855843
0.908571101198
0.917522195298
0.937489330196
0.743920319046
0.666478816478
0.6655743757
0.701391635248
0.734035498588
0.751471802971
0.599592355842
0.67321013205
0.803503429382
0.839376510123
0.847438502576
0.80622380414
0.857847797602
0.806873967186
0.755211395577
0.631514805223
0.672792716777
0.647910245494
0.659215959421
0.715745848151
0.670030775128
0.649765282208
0.711516190057
0.613570091992
0.541710363749
0.551934720782
0.622246966909
0.544210937814
0.504149322029
0.457228842669
0.425629530595
0.382306708356
0.366028994685
0.460455607205
0.530655055535
0.558013439968
0.528724883397
0.550892012809
0.575019838511
0.636418459235
0.598896489602
0.617841803575
0.578655432927
0.590526953069
0.627059308743
0.665448363987
0.621002936503
0.814208273113
0.648633962364
0.72935919769
0.787159859446
0.756157302239
0.82222914964
0.851444584711
0.771106630704
0.706625035363
0.654326568716
0.59410918976
0.65871224856
0.598047353814
0.645303923683
0.671454547742
0.558400908037
0.689941471216
0.604461296177
0.63151345291
0.799338561228
0.748795536328
0.610507827509
0.577650072957
0.557749216785
0.532296168583
0.54230608573
0.570706804381
0.554844341179
0.592548367955
0.572318756512
0.62004150305
0.7530035526
0.744802531854
0.670318807147
0.742677642393
0.799668590961
0.788869719943
0.953742364179
0.910238636186
0.657620744352
0.681055495266
0.810532570674
0.757104672159
0.829431065683
0.872214513994
0.864083452732
0.899745175246
0.964659639198
1.01468524167
0.964293249445
0.998483434998
1.03572676733
1.13057160947
0.996840067978
1.01219611101
1.05048777514
1.16934208598
1.30963472553
1.13941837232
1.22126523057
1.24285667883
1.23850368555
1.21993964399
1.2331442404
1.3599261114
1.60488153267
1.53118291962
1.80594069353
1.54448687031
1.36052649016
1.29040502081
1.25159348998
1.17580637849
1.1085298866
0.912707475054
0.86905198057
0.75437907574
0.75045754189
0.713086462659
0.614569138185
0.683347568601
0.759350867269
0.854200612772
0.799884436097
0.826052508272
0.832793771881
0.864576500767
0.720849339645
0.761604795275
0.665556535853
0.744287987113
0.674238890742
0.586499389017
0.596279518141
0.551928628768
0.396047783484
0.336437562553
0.366136693765
0.339364691506
0.480306377442
0.527792355303
0.540336223995
0.476656493741
0.394446972619
0.380106307419
0.386313119976
0.404657586096
0.391196270821
0.360569017862
0.331876146452
0.296296822202
0.279084875897
0.272838902943
0.308394639305
0.352158309084
0.324274876959
0.26957552263
0.27833453137
0.292209851316
0.310824149024
0.256470344972
0.319298741917
0.328665194716
0.319814111885
0.31419526559
0.339345503216
0.311743851139
0.303547933879
0.242933227306
0.235556005461
0.20509894398
0.224030380055
0.184194038896
0.165550746688
0.159913119095
0.190528259435
0.274339533748
0.356205890073
0.363122662665
0.350473440085
0.395730194914
0.431206987382
0.410541161283
0.40791476664
0.438904353899
0.391804823528
0.377511291596
0.326644515457
0.282162352418
0.256778074951
0.267350989771
0.263991404117
0.287101645798
0.24306793597
0.210599773486
0.242354635267
0.17956906868
0.214241890526
0.224121776557
0.231410510729
0.174140164796
0.160104308287
0.117562122075
0.120782866726
0.111565760483
0.0906823612199
0.060734031938
0.0763082430637
0.072941371619
0.0677810366207
0.0629695593692
0.0567483774119
0.056450786262
0.0527024194651
0.069196123186
0.0556351100917
0.0516241907498
0.0479014140785
0.0455576092108
0.0381111851867
0.0348176451976
0.0324715858271
0.0288619398682
0.0201260618625
0.0158973847797
0.0151008057947
0.0167346129745
0.0136746130107
0.0139501301096
0.00664765369891
0.00474984743896
0.00376383443266
0.00504343663896
0.0057874315399
0.0054029781694
0.00371671957695
0.0032175588354
0.00298436131832
0.00217856853936
0.0016830978525
0.0012044858753
0.000981661380791
0.000895059035061
0.00129753839361
0.00147349179659
0.00147953400085
0.00113464270125
0.00104296500762
0.00177192887242
0.00107696620222
0.00107857613469
0.000947377245149
0.000931883736259
0.00111418812545
0.00109458842359
0.00126638889212
0.00278402541246
0.0034783278197
0.00424721092659
0.00378201147424
0.00347081426734
0.00209802356723
0.000934292944883
0.000771534696717
0.000519781512886
0.000822718797192
0.000434692130709
0.000482597389192
0.000398185101479
0.000499617940054
0.00052109635274
0.000285943344402
0.000694636069892
0.000263424793948
0.000232414814042
0.000317146711262
0.000377767752656
0.000416965079217
0.000390850593996
0.000241559657515
0.000212110454827
0.000199585744661
0.000315459466357
0.000232523648628
0.000320660224678
0.000535968518737
0.000906909481234
0.00061353524738
0.000575012719735
0.000290008892971
0.000232944136927
0.00017346427747
0.000306348326459
0.000160157488601
0.000160982941291
7.79565151555e-05
0.000116414184217
7.96801061034e-05
3.46683887855e-05
4.2411904179e-05
2.94839805557e-05
1.43854933373e-05
1.08454558298e-05
1.03080559515e-05
5.77932644389e-06
3.31034975405e-06
5.52984381155e-06
1.80972796511e-06
1.57977508517e-06
2.20075009385e-07
9.87588160273e-08
1.10854194896e-07
1.04403192181e-08
4.81973801795e-09
3.01039102143e-10
7.66877461374e-09
8.61808303699e-09
1.11292404531e-09
2.34130640208e-10
6.65636436918e-11
3.45877249457e-11
9.59304017233e-12
1.44748504694e-12
1.54038175993e-13
2.59072560602e-15
9.11469321656e-19
6.02946480076e-24
2.81693077525e-39
1.1487868895e-76
2.03524958915
1.96662608137
1.87570862461
1.8100135441
1.70563526477
1.55045880057
1.44182809403
1.28244909095
1.39601447213
1.40472295389
1.29222591241
1.21545112101
1.20464311768
1.15402052663
1.06108337523
0.955376058547
1.04972582523
1.11533084215
1.07591947572
0.988876767767
1.05289211702
1.04035619064
1.01344375567
1.03378727434
1.05766978438
1.01276190418
1.01224800079
0.925627211668
0.946977580607
1.0087224444
1.15301300381
1.14303861561
0.987195835984
1.02117765172
1.0310926416
1.07098453316
0.933751288459
0.879560254227
0.85745663805
0.903433815721
0.926797300392
0.888279569599
0.890382352472
0.814657696313
0.709291068943
0.695046455436
0.630464140777
0.481331890574
0.503112139249
0.433536881335
0.385684295912
0.371321077783
0.366238308257
0.338124145583
0.397186796827
0.316315594339
0.412947737987
0.412054315063
0.500604018624
0.544070753561
0.539025160819
0.646312072794
0.588229801519
0.473683698382
0.504694774778
0.556021467658
0.617136975068
0.648467135966
0.62873621155
0.634858462229
0.61112646826
0.631496693228
0.654235369917
0.662221740832
0.702151053742
0.77642281149
0.670172542366
0.688774973512
0.734129814468
0.681222687404
0.763948887386
0.751849392697
0.758563900456
0.783062632506
0.785198609629
0.799568994795
0.776034814185
0.762942859126
0.766980037298
0.819757713783
0.891729872858
0.846077690012
0.928284952563
0.878377586432
0.954786362235
0.85099035852
0.85844932474
0.878801763098
0.899399506518
0.842330686737
0.844766485022
0.936364953943
0.905321900112
0.866187933053
0.890449347165
0.96154137257
1.04074199425
1.08874914931
1.06810538331
1.02997627187
1.08553673758
1.11425752765
1.08706384776
1.04288295455
1.05109518567
1.07530399221
1.10356530948
1.20242286283
1.18019360578
1.12586948906
1.04396167899
1.09399563187
1.09604732018
1.05752809717
1.06832851925
1.16102222841
1.17990674876
1.13036250895
1.14508640478
1.18889130242
1.2340823312
1.28157741499
1.23042811369
1.12056119009
1.13675484674
1.19010246448
1.14414206384
1.21050024758
1.09304494234
1.04581586743
1.10784315704
1.18799248906
1.29566050873
1.14550554386
1.21643661896
1.17958279144
1.16740094397
1.11143435991
1.08879112826
1.0664423688
0.97427016812
0.96485833935
1.07476399027
1.1122265272
1.09675552049
1.00985007837
1.00323833128
1.01104119906
1.0248307832
0.924779327488
0.886212420719
0.86395430369
0.91946247473
0.937393491881
1.01664956913
0.954722613645
0.993577903835
0.988111784515
1.03612744753
0.9948326618
1.08717173597
1.17138636176
1.24982624083
1.24290596435
1.3377070506
1.34511164403
1.44698793043
1.46598546296
1.47273721252
1.41902922769
1.44732750439
1.50186047867
1.33380761817
1.24803832938
1.23578740302
1.23735597199
1.10081968551
1.11040930747
1.06685963741
1.01505607893
0.914428010538
1.00356520095
0.974720359394
1.09110182646
1.21039456684
1.1939195703
1.25867230536
1.36346327799
1.33619369549
1.28499957644
1.26898892133
1.21358668988
1.19725489624
1.18922533673
1.07659342549
1.12029453801
0.951347013763
0.910935655165
0.935653311803
0.869744847329
0.807569079434
0.766435834573
0.687313068666
0.623884263523
0.636308402712
0.557226149676
0.486170537066
0.453226695862
0.412920125469
0.421447770963
0.399886462233
0.416356175498
0.34710029391
0.389785206586
0.39747996753
0.400476104516
0.401580776541
0.421418451572
0.466196205219
0.490555696378
0.477926271386
0.540904549757
0.522980929015
0.522848817132
0.463475607943
0.441598288019
0.443058497795
0.409321310574
0.403777281883
0.380989076883
0.338039911699
0.32567703567
0.240207879288
0.279521313764
0.287124761244
0.275537935303
0.284615241871
0.231106352733
0.192783003406
0.213064132353
0.226120650477
0.274841427017
0.29250706959
0.28052551802
0.275424979177
0.31205490746
0.302937020161
0.335479343261
0.303357912936
0.343073959812
0.340095718155
0.342438163938
0.341544080962
0.329515890497
0.311768959974
0.311404400452
0.361091227803
0.352821458547
0.391914088056
0.335603524825
0.325930448723
0.273146072767
0.339631083425
0.39828782944
0.486262596747
0.382871675359
0.414437461394
0.339004501899
0.315678324478
0.305962413155
0.337947430283
0.326905366952
0.345238555305
0.288150922263
0.327051517235
0.330172569293
0.322335211401
0.380319974947
0.348426655792
0.324313681592
0.419088395022
0.370650710303
0.373882244891
0.324557432165
0.33741166945
0.355531141272
0.346870292824
0.30171295428
0.278738666965
0.219090478564
0.205944670675
0.210193201677
0.224694837123
0.190653681798
0.146290337793
0.139676139369
0.104618145381
0.0993305548518
0.0907014166888
0.0870556938304
0.0967175664844
0.0798855827158
0.0693138964445
0.0594841484325
0.0664164811341
0.0521453066882
0.0478161383371
0.0463320262004
0.0482803850402
0.0374048575105
0.0433054076191
0.0479850413356
0.0490682703497
0.0512737901255
0.0649427864744
0.0550958339937
0.0357012864194
0.0456128230838
0.0354109443656
0.0494191122259
0.0493019650106
0.0439724729731
0.0389468238296
0.0333350393413
0.0217973853798
0.0183673546893
0.0218556017399
0.0272072818142
0.0211496070943
0.023484070328
0.0253438641937
0.0206981876846
0.0171367801972
0.0136766948737
0.0107742748092
0.00842976278159
0.00389991413997
0.00465417395941
0.00247947450759
0.00189157225306
0.00190181060698
0.00193708891924
0.00173462794715
0.00156316283961
0.00177174197736
0.00123295851307
0.000710171722613
0.000783350179419
0.00116758249989
0.00157855308947
0.00168657506977
0.00133271838484
0.00193404264896
0.00108229653818
0.00124830012836
0.00138401689871
0.00130732327618
0.000831021955565
0.000673430301466
0.000391412634822
0.000256470000744
0.00018282343275
7.93793505716e-05
5.97338202892e-05
2.83072687425e-05
3.10060060565e-05
6.39581014135e-06
3.39713755706e-06
4.2683642647e-06
1.23396738221e-05
2.1059436882e-05
1.82360582769e-05
1.71255997703e-05
1.74360325522e-05
1.05187395083e-05
9.33756679972e-06
3.91079300886e-06
4.48727011841e-06
8.20334377486e-06
5.30191124161e-06
5.79344911832e-06
8.53627204834e-06
6.27588041908e-06
7.12710100333e-06
4.17408981555e-06
4.88338276968e-06
3.30421801149e-06
1.46563518398e-06
3.38730177371e-07
1.92034358332e-07
3.32273887638e-07
6.17730608018e-07
5.58867744329e-07
4.45477558755e-07
3.69613851832e-07
2.63715871055e-07
1.9653524205e-07
2.5015289831e-07
7.56584214924e-08
1.19827823217e-07
5.29269609793e-08
8.10564908706e-09
2.98394826458e-09
6.70130033115e-09
5.77278072954e-09
2.93129261086e-09
3.44429412026e-09
1.27718388937e-09
2.52848704307e-10
2.12192334178e-10
1.02646343432e-10
4.13723121905e-11
1.04829165581e-11
1.06920906613e-13
1.94886266868e-13
2.13221121139e-15
9.09681795669e-16
5.88698225449e-17
3.09260992177e-17
6.79766528724e-18
1.47545809237e-17
1.25876672366e-17
4.08110756947e-19
6.90603689395e-19
3.94388875309e-18
1.86645016945e-18
8.48566130895e-21
6.05035436705e-23
3.98471733748e-25
1.23193174732e-26
7.54944896073e-29
7.75268629436e-32
6.25275735602e-35
2.01127560489e-35
5.58753407821e-43
5.62633931639e-50
5.17216432529e-64
3.60338880562e-76
6.1930317103e-114
1.55481384559e-204
0.623997569792
0.654978433887
0.71120946581
0.663127169738
0.749837792402
0.766244787173
0.925332819157
0.943656094931
0.994328653901
0.861401503694
0.864130572501
0.87653136692
0.852929294259
0.930313647755
0.923305120087
0.89200491061
0.86813149045
0.752476295272
0.758012088386
0.79805744122
0.736846287181
0.706095503838
0.779417780477
0.811429519646
0.7873966964
0.69280699106
0.624459974536
0.692292462269
0.771178251996
0.865271907982
0.861582216686
0.956240312787
0.975626054189
1.07814393611
1.07246737366
0.941738313682
0.919838573037
1.03445372265
1.10592521597
1.16636950154
1.10757857488
0.956243295113
0.928891818558
0.848552549853
0.728341326147
0.795061020261
0.796850015091
0.794284920785
0.750605926163
0.638427527313
0.574259230469
0.528511978881
0.578123089786
0.556740347668
0.535610086331
0.521446221318
0.473569331046
0.438130092665
0.411604717255
0.437972766906
0.45142941505
0.421336222026
0.470156280659
0.451167461926
0.55026220937
0.568019139999
0.611927595859
0.623426384089
0.627259892944
0.495142526047
0.51690829786
0.554266375854
0.482201993318
0.535418072818
0.540346815995
0.590940290575
0.591103804242
0.635556501176
0.682906541278
0.822585171965
0.797378876903
0.716347028756
0.717715019548
0.700140021234
0.790461301596
0.737638198477
0.639651787137
0.80434518104
0.742996459293
0.804031583857
0.843504745104
0.717017214256
0.669133582584
0.690610103759
0.730814192075
0.773731544823
0.73660897808
0.793323163403
0.988731717368
0.968213318965
0.96599412585
0.878089424466
0.869681916706
0.977411994956
1.02484460666
0.935093915794
0.755191326521
0.617853263346
0.687298716565
0.736237152582
0.726665339913
0.774149633955
1.0088622252
1.02854999695
0.933591915592
0.897956116674
0.830033170279
0.981406906066
0.956760033921
0.951093815986
0.997420657093
0.886273408419
0.760438746255
0.734530878877
0.805031240328
0.812748901742
0.756449374998
0.868708084088
0.802628069298
0.667420238018
0.597182414793
0.548789703765
0.57860054165
0.621662566195
0.526778750464
0.525316703713
0.572414326101
0.686535914254
0.709897628487
0.812308288051
0.847034937212
0.906617074312
0.808722860335
0.75008662368
0.771355084593
0.776923051823
0.814074695809
0.826972198713
0.785805007644
0.809832923276
0.822462222864
0.716605131133
0.689503475423
0.602590750204
0.545988217324
0.556314822275
0.497208519991
0.511099144651
0.452532645055
0.422313902935
0.463366074119
0.356564828522
0.3499573689
0.32198052078
0.338109410548
0.335331546328
0.296511104399
0.354056730129
0.342471718411
0.425321388935
0.42822751444
0.443162376243
0.518559866384
0.541746445838
0.475108559503
0.484356456774
0.518674626915
0.516170812166
0.514135026145
0.481970189116
0.517050146553
0.489453682381
0.403138066922
0.491944363684
0.395886402601
0.380788310819
0.369323886007
0.378736858001
0.52815284581
0.511408429337
0.506067535199
0.534515584111
0.586523269126
0.548849320281
0.598846393737
0.660011426731
0.441979045576
0.387737024154
0.355887384609
0.323161900823
0.372968831523
0.459917839318
0.567450138053
0.576693324868
0.590564042023
0.536416520904
0.528298788962
0.514471636778
0.466942716261
0.487827776811
0.470185382915
0.513776059788
0.57899144558
0.536279936099
0.499877490213
0.517634746602
0.561192124507
0.548268757842
0.56340375712
0.415236222948
0.46482392723
0.505894553878
0.606431361609
0.565764997985
0.654700166595
0.616358134398
0.700137076772
0.732818951353
0.705225539492
0.830576401103
0.814920256749
0.808265116882
0.95752529733
1.18601327105
1.10142163213
1.07266567391
1.13971693287
1.14165665061
1.20297050145
1.27159087556
1.20030350806
1.07893178172
1.03037884371
1.04810396388
0.787107404705
0.751051194331
0.77875825228
0.723004615125
0.791835544488
0.708637092495
0.667582940515
0.703124069689
0.7455909279
0.710624481094
0.860485565333
0.951607986278
1.02835705974
0.972693602947
0.998938099256
1.15273313689
1.10068240674
1.1500495925
1.02433091134
1.01448419808
0.931959661115
0.988731587178
0.890493213025
1.03180398447
1.06346583398
1.12835657622
1.16801466234
1.0783896713
0.954676542965
1.16939876528
1.310811562
1.44454335132
1.65087408288
1.77292085985
1.6121727373
1.4332661739
1.41708253203
1.23593579416
1.27416213871
1.33689486464
1.2246316618
1.32477499272
1.48531438149
1.33934444132
1.40386779475
1.23676804472
1.02957852213
0.966721783692
0.885771464251
0.953133656445
0.996765145639
1.05724607106
1.08516623394
1.17297689579
1.02012353361
1.23055747654
1.24429446452
1.20337380384
1.20893069355
0.986698763269
1.00002055996
0.919908202345
1.12068046381
1.03026416854
1.16173323594
0.996092875081
0.904871579969
0.801599830771
0.762934755529
0.700814597605
0.85623257625
0.852019274095
0.894313447725
0.89959736201
1.07495653401
1.02194327999
0.919043181978
0.775988728471
0.819077265852
0.760214929171
0.908517471964
0.867190981378
0.813022843584
0.747237870231
0.696853240959
0.634740854573
0.71074466908
0.767749430625
0.821388478539
0.786945141531
0.803578839649
0.749945841333
0.662104028252
0.598619041042
0.620629247925
0.598203827945
0.711873983058
0.711586144885
0.656997529186
0.505376900277
0.511041538756
0.474592419672
0.448420584978
0.402677961442
0.36591412486
0.313249811942
0.208840038994
0.216218080556
0.153795622371
0.127384106299
0.127428800256
0.13332552579
0.156644516508
0.126226309819
0.0846566313011
0.0673044420011
0.0614309637138
0.0669997291501
0.0704568132583
0.0617737488833
0.0783773068099
0.0804774607772
0.07239155657
0.0494154950494
0.0472587078218
0.0441322163268
0.0277352007675
0.0205151788042
0.0242411032995
0.0205252395658
0.0188898420682
0.0219928041053
0.0300272532619
0.0283022396904
0.034964436564
0.0375867163809
0.0390470912749
0.0344128922919
0.021869256446
0.0211953378996
0.020010581778
0.0130673267522
0.0128575453017
0.0178880035127
0.0242859801145
0.022964334794
0.0228384965907
0.0191492322809
0.0186659612613
0.0223900321776
0.0134389261578
0.0210372752353
0.0189777867292
0.0182083408552
0.0170330945511
0.0122635241829
0.019863167532
0.016093978979
0.0199437048901
0.0203864795138
0.0183476057899
0.021796175214
0.0153811809952
0.0217776394598
0.0246446584202
0.018666025228
0.0210512164578
0.0148389179325
0.0213226736237
0.0141930047107
0.01315328997
0.0141860720382
0.0131216096938
0.0132004017285
0.00945559136268
0.00409742422497
0.00525694664009
0.00281371599093
0.00127162590748
0.00207973786235
0.00125043496185
0.00126257288866
0.000961024706109
0.00498423872105
0.00103012971051
0.0277847638141
0.0104924275241
0.00317193479807
0.00478591821794
0.00714840963392
0.000540427226374
0.000363392959341
0.000308969119762
0.000167532568376
2.54115785752e-05
9.08266124917e-06
1.75214796195e-05
3.0862640623e-06
1.62806457639e-07
2.00114388837e-08
1.33462468776e-09
1.54754741832e-13
4.34012798285e-16
1.70382539674e-23
6.08026782125e-33
7.6652757998e-64
2.36097794759
2.44356747177
2.33701214666
2.42555984609
2.41758300518
2.61958492027
2.65231910041
2.58407813227
2.53649657528
2.33471529304
2.39312364895
2.43619480859
2.47428895854
2.61253297997
2.75218638515
2.76385192232
2.79787578698
2.77389468277
2.69864486551
2.83723124706
2.80863079428
2.77736979038
2.67240163345
2.52265927229
2.53816473781
2.72969311216
2.63846791103
2.64744816182
2.65383997664
2.65653956636
2.80219794933
2.77185037938
2.89734475074
2.91672915153
3.05535171824
2.98022671555
2.83172547759
2.76532030391
2.87490164441
2.88537003695
3.05227705881
3.02566555263
3.08343421952
3.20306435504
3.43469048833
3.25471920691
3.05342602406
3.10734696748
3.056692493
3.12826379039
3.26016080768
3.31138699806
3.12276794083
2.9925276732
2.81568620149
2.88772954702
2.73503956837
2.63207253953
2.77214287626
3.02056159061
2.94688804554
2.79800693283
3.02349181816
2.99077445377
3.01780072982
2.95367306848
2.98429605362
2.75966534165
3.01496091074
2.89978230589
2.91426081625
2.84985457889
2.8168599334
2.6387555999
2.61978336659
2.74626660737
2.7606993825
2.86948871163
2.86867411135
3.01828598579
3.0617475346
3.11744772716
2.52273390839
2.39884887629
2.53011407694
2.50229484656
2.38680459253
2.17247465841
2.44880807879
2.21279608869
2.11303088192
2.16307090657
2.02621675014
1.80659381844
1.6954927229
1.58597162219
1.74954720698
1.59829476792
1.56427964501
1.43800780224
1.3206080216
1.2865035743
1.270828514
1.30323170431
1.22692393935
1.20704086508
1.31586743932
1.26572137551
1.05008605766
1.15526545668
1.24185590503
1.14707707627
1.06028530067
1.04443812548
1.00907744088
1.10026025573
1.13632048538
0.956413847705
1.03643386675
1.11997330464
1.31937048976
1.50954321944
1.48685214004
1.6026549711
1.61051496264
1.78194419811
1.62231169167
1.4336960572
1.47842552176
1.58962823314
1.42485743181
1.36024586139
1.49707685845
1.47350515287
1.57789009221
1.65431162171
1.58298942232
1.51550641139
1.6276882041
1.67562822538
1.5855187866
1.48161621787
1.52624074567
1.38677987415
1.30965587034
1.24138493343
1.17546158031
1.18802308191
1.03433806418
1.13136263148
0.977040035645
1.06843896752
0.965741151031
0.791374983721
0.761784104627
0.752677869833
0.887032017459
0.890570081641
0.973679528304
0.984744255205
1.02215088502
0.997064720053
1.07906108726
1.00328290159
1.13282329008
1.027093019
0.943328662961
0.960543670372
0.884763206536
1.16157050542
1.41382629264
1.43515752334
1.78852301507
2.03339824528
2.18340325218
2.18281737809
2.36233324453
2.35352918142
2.51575100505
2.46730863814
2.4935479205
2.30670836202
2.48597967434
2.61956101587
2.58490938318
2.49029445376
2.28479137768
2.2576056222
2.22897352469
1.95170026959
1.910955989
2.49410954867
2.1858797742
2.10322379094
2.05048984386
2.02949165898
1.95633636024
1.96222905525
1.89546440332
1.96880728634
1.8066255072
1.70050915485
1.84915977325
1.96453485848
1.83876894652
1.86044456863
1.68588890648
1.63071823281
1.69143255946
1.82748974727
2.02388884948
1.865423496
1.95559623285
2.04717514882
1.75349265988
1.71870800433
1.8674713334
1.90897347469
1.71518810798
1.78208299234
1.4758546555
1.46162704794
1.46548053972
1.39502227501
1.32510550846
1.5087354042
1.44191348856
1.42686940996
1.28685595102
1.27179784313
1.08089523644
1.1686721109
1.02475001933
1.09987494938
1.08652097008
1.07898943636
1.0984875919
1.11468300293
1.10500507708
1.15572039226
1.11781411758
1.11846022734
1.04102439835
1.11027737882
1.06052134092
1.03895895009
1.1138908283
1.06849361913
1.09548088388
1.22516814007
1.17357725545
1.28402759536
1.2882401414
1.46425861156
1.23322106981
1.56007572656
1.58886191144
1.51368183562
1.459930454
1.38206163936
1.40515907767
1.36031633633
1.2912251502
1.14651296432
1.07758424214
1.19230853529
1.28035636816
1.20044828015
1.20288636202
1.15728333855
1.13715132184
1.10168433532
1.07078165312
1.07011577106
0.898101577894
0.77232648938
0.856448019129
0.876476232242
0.95543612549
0.894700709673
0.814917201979
0.719147074153
0.745254759739
0.72878069978
0.645489835818
0.689798005978
0.690867284822
0.678687440586
0.721869468585
0.821029803755
0.863326470318
0.954913395521
1.05095933644
0.998946878082
0.848616688411
1.04317893183
1.18082268504
1.08489796527
1.05929309146
0.911400008652
0.778013121915
0.730518312861
0.698570236914
0.716464413068
0.698011045929
0.693572385379
0.699792242425
0.716116144574
0.582397241808
0.519832683088
0.471925355833
0.517399154489
0.533659761373
0.503300645465
0.620284466483
0.495169395017
0.503674511063
0.431744789604
0.426413869927
0.347026995232
0.255060224714
0.304357531368
0.287351433665
0.26974558287
0.283875737975
0.298951496872
0.322302748373
0.345055048963
0.376122442144
0.334555666965
0.379745689135
0.387895694824
0.367810880803
0.475183551193
0.392689065512
0.34345827878
0.332687205456
0.283280215899
0.290371587495
0.336826225363
0.295885626792
0.274264778373
0.216562388899
0.207179862613
0.20638251768
0.231605534819
0.231562938675
0.229029816327
0.205270343758
0.192133754237
0.170979456243
0.259962000069
0.279787760158
0.217687568278
0.191755870531
0.173642918837
0.163811173417
0.202784410836
0.175852923343
0.192699231116
0.244481692469
0.23176480481
0.208299170243
0.152683164098
0.135473679418
0.156467306348
0.113701808461
0.106295047322
0.125104602081
0.132248786849
0.125697020205
0.115445587834
0.113126631965
0.0947669621399
0.109007166274
0.0941344655373
0.0870813809464
0.0799436533018
0.0948472011969
0.0880239640136
0.0910571822788
0.0861759362142
0.110339069502
0.0891047767713
0.0993357710592
0.0672651130925
0.0789675431519
0.114692144026
0.0762653276083
0.0635106798368
0.06920215347
0.0587873645902
0.0473703013373
0.0280046889505
0.0124170122872
0.00955463506543
0.00724805384548
0.00787240967715
0.00371207056208
0.00448036448219
0.00276346920094
0.00198882321131
0.00353872831344
0.00234634077985
0.00115818487484
0.000887580732952
0.000356506046635
0.000400784707456
0.00048246091638
0.000934182238243
0.00196931325996
0.00148348960775
0.000909917135398
0.000573994646251
0.000643416046893
0.00052860096243
0.000356023749292
0.000241833574132
0.000131813762739
0.000139489055093
9.54975307729e-05
2.08919715794e-05
9.23291897086e-05
7.17480951725e-05
3.93911136976e-05
6.7393303335e-06
2.48137041401e-06
3.66738688797e-06
9.4747856836e-07
7.98526090379e-08
4.37538876286e-07
2.65456806711e-07
4.98612651424e-08
1.06145306911e-07
8.9825575119e-08
1.72524580043e-08
5.62706194839e-09
2.16274580245e-09
1.50684671898e-09
2.85745178191e-10
5.98494759058e-12
1.15690437631e-12
2.62594448525e-12
8.71389861287e-15
7.34202988344e-14
5.35646085621e-17
1.08100958241e-21
2.70257288753e-33
1.20394391042e-53
5.5158254574e-107
