6.24081004041
6.38745413155
6.25555819927
6.5158755556
6.59102985777
6.93803638357
6.64800855382
6.39173088072
6.20279974285
6.27695698845
5.98615686532
6.28405282303
5.97874429014
5.63315839343
5.17188866489
4.93032074986
5.58922582086
5.5643967542
5.69469717558
5.76512114276
6.02851387495
6.04954932727
5.90551871919
5.81510535592
6.07610665687
6.13534396067
6.17583150767
6.24943778386
6.35609089161
6.53501003964
6.12116603638
6.20850654948
6.11506817344
6.05879596754
6.05704434665
6.26531994865
5.8963546867
6.03642537972
5.65881947016
5.61613598073
5.89093185925
6.20279915862
6.11626436672
6.16495723115
6.04287549832
5.87974553872
5.74042799692
5.88154003146
5.86317755836
6.09636825658
6.08635228853
6.03834861578
6.02082684632
6.55061079723
6.48628610142
6.30307061299
6.33175450232
6.36911282137
6.80904521236
6.69223985092
6.68123404194
6.82369436155
6.51181579735
6.28115805037
6.21018380731
6.05651785678
6.2271547129
6.03175747496
5.79674241594
5.5760739149
5.32599817354
5.59786405122
5.4454732375
5.41954809806
5.51949432503
5.34514904637
5.18135285929
5.38077827387
5.34772050798
5.07383875108
4.95482942628
4.89184915917
4.88011810509
5.06229028006
4.91449068951
4.98343070017
5.24042534216
5.25917171025
5.2879443904
5.39997647663
5.60690235758
5.48093288154
5.50872819592
5.26451565481
5.12608789253
5.33504917461
5.29790058638
5.22455384659
5.18014487777
5.18455372329
4.85302219012
4.75748767663
4.77689809457
4.97698209613
4.81911657265
4.83409697086
5.25962638927
5.24677352775
5.07069810492
5.09601869023
4.94727652963
4.73389694605
4.75143194769
4.67490515238
4.78470669637
4.93358492133
4.93686517608
5.02950902177
4.5569019695
4.55558430819
4.83006854219
4.50279151908
4.45464825489
4.84270952323
4.68013986172
4.7413128144
4.86061518376
4.66244582572
4.25500773048
4.33263649043
4.40729782973
4.21521932131
4.32905395773
4.13769965969
4.21389634031
4.30518617029
4.36339026339
4.24891036737
3.8178113926
3.82847198606
3.89761773928
3.60778309837
3.6060653592
3.87964467448
4.08534273301
4.26171760535
4.3258851341
4.34313938742
4.37419602037
4.53668017589
4.32947860431
4.3440236852
4.48804855976
4.56469807469
4.59743744899
4.61242890164
4.74211632863
4.96660701415
4.78081561979
4.53792482728
4.9159498397
5.0507022377
5.20062793388
5.49446518021
5.16731600486
5.06344993354
5.18865060775
4.78623339035
4.87846193501
5.02325026971
4.80487652233
4.77276331426
4.66098371992
4.65648377049
4.8490207194
4.88173625553
5.12591188516
5.02961797702
5.31449143761
5.3855780603
5.2287695123
5.06187889356
4.98270345293
4.90008459919
4.73306146777
4.64236684221
4.3732656927
4.45694316215
4.28203580459
4.22437023225
4.5873880958
4.41068239393
4.35008322752
4.52574876991
4.30397715275
4.35431039143
4.36575027646
4.21167891741
3.92488293955
3.69718927445
3.57169961523
3.53755619388
3.34901734398
3.09424444694
2.89185697739
2.93150505246
2.99847711356
2.96153460279
2.94449535719
2.75860622937
2.93636569357
3.21760228995
3.20581096963
3.07461247136
3.03122866809
3.31017158058
3.10237680442
3.03354387687
3.21881289363
3.25124650337
3.20258933312
3.24375114215
3.20935149188
3.23171368879
2.98394896291
3.04595303625
3.09056082147
3.25603730042
3.11908748058
3.26193944564
3.32192547905
3.58622498979
3.47203673885
3.67376612369
3.78567196134
4.06282886216
4.35414333033
4.36606612219
4.16034998712
3.94720028024
3.65206241955
3.63851431405
3.98962204692
3.9045468569
3.94080376291
4.15090136505
4.19663031535
4.16879184253
4.41426517761
4.19533582223
4.49262044827
4.75712416522
4.79704880716
4.96608092265
5.06870177879
5.58813026537
6.08590720715
5.90775176935
6.04719497677
6.0073630549
5.48993812288
5.31773235216
4.97254029538
4.9674408856
4.96539704298
4.92631758811
4.62009113082
4.56459015202
4.69783644271
4.62483980298
4.66887000597
4.7260160702
4.93899198858
5.23751178063
5.45035884998
5.33838226957
5.3296779876
5.64400600515
5.52151052244
5.12121411244
5.136706392
5.07256520642
5.14645427207
5.14216008201
5.17350221925
5.2264373765
5.3410525813
5.52990446005
5.71247868219
6.1578754494
6.14574637438
5.81201384639
5.81878846394
5.85753757433
5.8715878974
6.26717546806
6.14404014085
5.79495702899
5.40071379673
5.49951031895
5.84710010253
5.87651529236
5.37575489342
5.48808505736
5.18152135963
5.06310431715
5.07778922671
4.96198397995
5.30285656745
5.83698661006
6.30410590048
6.01593155267
5.91375680778
5.67631095032
6.18802203841
6.36929852108
6.02678393444
6.40537349977
6.31680201453
6.63259765957
6.34382147792
6.15489096107
6.50293008425
6.57112064453
6.81662364982
7.29463212466
7.56019551267
7.69069625279
7.42462881803
7.97833256868
8.38999397428
8.58226782524
9.02620053087
9.23070037379
8.99789073105
8.06911379426
7.8422852896
8.12106440833
7.94686036817
8.25089036241
8.4900051481
8.92432266008
9.2786608374
8.99296870228
9.1845611839
9.57622514972
9.6453590092
9.73717454593
10.0749749731
9.75588205483
10.3385631272
10.7964085028
10.6011126256
10.0306628115
9.73242735847
9.65226198353
9.77418115331
10.3004147397
10.2320736157
10.5921390505
10.2547486596
9.97742266626
9.6523757706
9.50661426802
8.71830645152
8.85554106905
9.14666141395
9.56882866045
9.64493114017
9.42605544643
9.74356929554
9.61978192858
9.90105388293
9.89919024717
9.57376973402
9.55950868943
9.54894035553
9.10426691085
8.9145814657
8.19893142792
8.29782867708
8.30677139216
8.44602732183
8.5853437911
8.60120563276
8.81365563698
8.44953521788
8.68631338864
8.41426891162
8.28468677581
8.01578557184
8.05362932855
8.11766037588
7.71273054329
8.06900758594
7.85745069805
8.04413106562
7.79621334075
7.97583445448
8.17995399323
8.38353699898
8.16225332189
7.57688360409
7.31834987886
7.40124292323
7.22094673612
6.96635562948
6.84723607435
6.93847438343
7.12020032775
7.28969386723
7.31190714582
7.41693799312
6.60524563672
6.84990993185
6.84565794537
7.27574094167
6.47963259657
6.93510729689
6.86717330755
6.87510341
6.7649031757
6.89716764785
6.83096356703
6.31533747147
6.67378229887
6.9071246568
6.82455985111
7.36173838275
7.38075040407
7.714042157
7.75236697566
7.42429419813
7.47384218967
7.28697377945
7.18303116523
6.84441348333
7.83815238313
9.17066635529
8.96651364026
8.25662658242
6.92427918714
7.08525691445
6.63554394545
5.92702015139
5.74869617934
5.85028887145
5.54482954245
6.28069307966
6.35630011757
7.229329108
6.77846013255
7.21765628792
7.57516183538
7.5882648745
8.06475490142
8.1148414597
8.12237830495
8.69178734412
8.9663446921
9.2403358901
9.16817018622
9.46404660773
9.81477169721
10.3679491573
10.8979156518
10.1511880133
10.4852503658
10.8194621013
11.144663045
9.77239482241
10.4415430799
10.6839670282
10.3477969132
10.7543716578
10.5409022875
10.4128733197
10.862748686
11.0639139618
10.0812676182
9.68046336783
9.57919276641
9.69022643343
9.46927455968
9.14843802467
9.76646948426
10.2758507924
9.99194774643
10.1937232015
10.2747357435
9.95967315628
10.270492913
10.0412988507
10.3093777311
10.6232545532
10.9817697013
11.5392669326
11.7326620583
11.5413420863
12.0298430808
11.6981659643
11.583588352
11.7675377819
11.8709975792
11.5094661466
11.337965486
10.9744239143
11.2256197073
10.9314038441
10.5965877458
10.7080649743
10.4739071748
10.568300808
11.0644741809
11.2770239026
11.8090817288
11.7778388195
12.1921222493
12.0673503322
11.9237550671
12.3878838678
11.7808470919
12.0062868376
12.3796359315
12.5002562301
13.1208476656
14.6076021586
14.2532665624
14.6524683861
14.610882637
13.5089741236
13.8752979737
13.8471672528
13.7664045126
13.4429061521
12.8612400256
13.3298104971
13.5111131128
13.4333499905
13.4997329422
13.5153909698
14.3582793779
14.067281511
14.6654335109
14.3204769084
14.3657838897
14.3907347684
14.6055389121
14.357930005
14.9725952475
14.7711116358
14.1380301982
13.9359575009
14.1702949587
13.7990724939
13.0575828187
12.6443756577
12.9050969983
13.1963949672
13.0261026062
12.7985433616
12.5173848213
12.2269053548
12.7646544116
12.6114119945
12.6465479665
12.237053987
12.0594772552
11.2584809199
12.2349335448
12.3277204878
12.307870103
12.2782694687
11.9360050269
11.346030812
11.1045635191
11.154629913
10.6120202335
10.7401938662
11.0209738014
11.1295494209
11.5937150905
11.6777011193
11.9018574707
12.3259409426
11.7712384021
11.5128610156
11.2605540868
11.9611954516
11.285808976
10.9197846952
10.6501646522
9.89518918024
10.416163612
9.44236697997
9.65172871313
10.3620146418
10.5638603084
10.7734714935
11.2775100621
12.0092051572
11.9553773173
11.7501030877
11.7069837856
11.3081676934
11.5506929421
11.3764800014
10.8517326644
10.2458142394
10.0528614577
10.2502962984
10.1838163146
10.1322713851
10.1160929692
9.42021596977
9.48621376777
9.4311061628
8.86087914776
8.44336513483
8.45806413362
8.2713474257
8.23447962372
7.68676086067
7.60401044992
7.61922971085
7.51792945985
6.84008906258
6.5288134957
6.38683093429
6.65431898796
6.62414721367
6.32529244447
6.47578472577
6.56482083844
6.70429718117
6.55675716423
6.71925167957
6.58430191365
6.70674815008
7.120135662
7.45422020498
7.08265328737
7.4110664317
6.64500643012
6.22559580481
6.46402471893
6.46900886645
6.61855243634
6.57506110733
6.74614022722
6.30144172446
6.65258245593
6.85355094566
7.36784600737
8.37704543314
8.27106501636
9.05040907727
8.96555745209
9.16551718037
9.15285994707
9.32959984241
9.25221210599
9.31166214188
9.09759777581
9.60205879088
10.0379733527
9.71853899299
9.57597238889
9.65596116103
9.92000182696
9.52472848627
8.71039329879
9.08414428278
9.19564482687
8.99183894319
9.14470475406
8.99462084376
8.81354471665
8.13005885201
8.0061540268
8.58534807958
8.13740525785
8.43373920883
8.35232119628
8.67108156502
8.87473291119
8.70203944851
8.73596200919
8.8947506915
9.29564146282
9.41082148748
9.26765124117
9.30808207989
8.77667601273
8.68648721005
8.67220741625
8.51374391328
8.54801030909
8.83366682255
8.20205016847
8.31882747884
8.6430222397
9.09369924093
9.18393698058
9.18300590037
9.10043411645
9.04759333347
8.23871956098
8.97951006955
8.67930117902
8.26093363207
7.9642786263
7.68913516293
7.69229157772
8.12152405196
8.33229277723
8.13334619358
7.43141611383
7.28162540494
8.04758411417
7.82041237978
7.64430161488
7.1734881544
6.69616713014
6.4917766189
6.48030220497
6.48232448963
7.20171595683
7.14948446559
7.16014854867
6.7036002574
6.66133750836
6.73162569243
6.81471916145
6.65263413549
6.72945141529
7.10803446657
6.92761514969
7.3156396354
7.16898661555
6.53851077161
7.17282184607
7.14585570453
7.05383110496
6.96878319637
6.68198939101
6.61072131646
6.92131621462
6.75330805017
6.99180402214
7.52629338788
7.41094033909
7.0064028882
7.41888531697
7.97932314717
7.92859872499
8.04091780193
7.9782190676
8.15956059061
8.28050304536
8.22521798718
8.65820602288
8.73622212059
8.87566590723
8.81316211557
8.83925811686
8.88454976131
8.91538117242
9.05386530868
9.24858886067
8.96971076282
9.09376625627
8.83120898888
9.00731400595
8.64663270463
9.23099002725
9.43178453566
9.10477765827
8.82006187298
8.5467860965
9.03898137284
9.91775436395
10.0179771286
10.367563571
10.5037575928
10.7454299218
10.8377383338
10.4035810847
10.6177136666
10.4897308697
10.3736306785
11.1125356787
11.5939880255
11.7098392539
11.4843545983
11.5751985964
11.8045937205
11.5248261557
11.6242285262
11.550938368
11.6101175833
11.6618749902
11.9775427275
11.7194541463
11.8510791304
11.9104508665
12.3353992042
12.4215772551
12.518053479
12.7152242245
12.675682646
12.7092266654
12.179424268
12.1395440431
12.6899526936
12.5940429734
12.6148225044
12.951878173
13.2331347886
13.1478608049
12.9791400345
13.1182829799
13.1416148981
12.7348670827
13.0853478713
13.1311010492
13.1800295368
13.3454877119
13.2518277815
13.2948348333
13.6975618762
13.8211248626
13.4990580035
13.424730859
13.7400121895
13.6291421345
13.6778541307
13.5166789388
13.1940187073
12.83225015
12.6242809153
12.4716920259
12.3245598382
11.9670621071
12.5673889494
12.53069178
12.5814926101
13.0779777449
13.3782685941
13.5306614184
13.3088339177
13.1871718166
13.2824266602
13.2598058698
13.4979984686
13.2807066258
13.2524857138
12.8995294771
12.7839100912
12.5476786675
12.7548115957
13.2950142858
13.342427191
13.1456036753
12.5304126301
12.3856955634
12.3518735355
12.4846147642
12.5393068916
12.3962411002
12.5734209303
12.760938507
12.5992842388
12.969496575
12.7978307974
12.9163388499
12.5884978005
12.7459017016
12.6558969087
12.923507753
13.0635306601
13.1278062099
13.0528163743
12.9935951819
12.8567321596
12.6789715298
12.6866736862
12.8383857331
13.1553601661
13.2094667321
13.277965094
13.1112732326
12.9895241982
12.7549237818
12.8322036784
12.766704336
12.58737345
12.843738458
12.920413892
12.6685773922
11.6022899479
11.5839990393
11.3433426764
11.3955132942
10.884804594
10.9846339442
10.706165604
10.3967697927
10.304242887
9.9313681301
10.0538928276
9.61710945501
10.0973372983
10.0444260748
10.0599429641
10.0402146107
10.7014526465
10.8181030943
10.6271242293
10.4482790543
10.1821813218
10.3266980342
9.78965782393
9.61892730294
9.83392215776
10.1457037646
10.5271891811
10.184003983
10.1961242436
9.87784181455
9.86057202642
9.80854575695
9.45630269313
9.2167984806
9.17968697329
9.37280157572
9.31524779591
9.08953322729
9.27919139527
9.06202209092
9.01671137295
9.26556636268
9.15613468547
9.03884810569
9.00465099915
9.05977040563
8.82577146184
9.35332149514
9.71711683
9.98211202969
9.94468317789
10.0380500346
10.3796389094
10.394662318
10.0841450369
10.0299135687
9.7628101711
9.68786687906
9.56525724134
9.57492925303
9.39332439393
9.54780582319
9.66211992162
9.65185849536
9.35283209796
9.78378163665
9.63084205212
9.30579254094
9.37146947936
9.44186047031
9.71417623744
9.66841972896
9.6336736012
9.48240103126
9.27239827815
9.2528111824
9.28717773614
9.42263242423
9.48382167161
9.1102486153
9.38793313427
9.51103378401
9.80180152928
9.81190169775
9.38130155262
8.88808495186
9.12541173917
9.24208075409
9.43161593359
9.10600610723
8.82803650566
9.23928445979
9.09325635917
9.17358921132
9.01997593921
8.88797646544
8.64634576044
8.55487023485
8.18941293687
8.35660183869
8.06813569216
7.86079507123
7.75964695925
7.88631335929
7.62973573953
7.4300092011
7.54140299115
7.35062470326
7.32633328013
6.95536966074
6.97610492885
7.08467641707
6.73256809973
6.58127410966
6.75132251821
6.72872709221
7.10866032835
7.05568391926
7.29740662018
7.11390324117
7.09643523406
7.21063925388
7.12998231571
6.75092774715
6.8193335739
6.57214630371
6.04373985683
5.86810872885
5.77830598153
5.99528435138
6.38831620505
6.47789763502
6.49858269089
6.68642678599
6.81354309091
6.82526405075
6.88438387695
6.73678225451
6.94694484342
7.24257999353
7.49750802266
7.0455785143
6.95864606286
6.59794540383
6.91031776449
6.87236325062
6.64883749011
6.62638942569
6.51965770162
6.62571134125
6.37504230633
6.2830888731
6.57684782361
6.3861609609
6.61312656458
6.61467681784
6.52350639773
6.46297271763
6.55745581265
6.97279977156
7.13977638985
7.08346186605
6.87811841022
6.59083396512
6.66241691757
6.45983656947
6.17788969486
6.27311722564
6.33479572148
6.5844061241
6.35063269886
6.68618852142
6.7961193549
6.45849211408
6.83450648979
6.53513224452
6.05073486347
6.17215816286
6.33486312608
6.87028517614
6.51516021512
6.85956798234
6.56364468634
6.52462532109
6.68342360275
6.47356872964
6.36161851967
6.32523723679
6.36231776417
6.56496292875
6.24669780211
6.60069262818
6.68136269672
6.8220480892
7.24584677512
7.66801603302
7.57241787623
7.46762535586
7.53198915975
8.05582023927
8.02534217163
7.94029504803
8.41141732541
8.82473795707
8.17605373234
8.09440216481
8.45991647577
8.92403199242
8.85066255353
8.65029717061
8.71588835429
8.03917984428
8.06575671162
8.45725350964
8.36652287695
8.3194045339
7.87875352051
7.8690906693
7.63246387895
7.66518259589
7.33853320284
6.85033705749
6.29582732769
6.31373205098
6.18573224491
6.11719014891
5.67858804551
5.42161445451
5.311380117
4.84920892391
4.92578564151
4.91834423284
4.46468217842
4.28867514097
4.34518779074
4.30513931986
4.26650008107
4.69037025017
4.50500714719
4.42816735401
4.38395797084
4.35606590353
4.47780019698
4.83220786426
5.26232138161
5.50883436979
5.23659070501
5.13580692037
4.92047899064
4.82896361819
4.61273778741
4.60487615247
4.25512438392
4.59425511533
4.47370429777
4.29414003868
4.40497633262
4.52808947366
4.29122178612
4.0485269728
4.12973981722
4.04861731706
4.40431442839
4.13188402309
4.05597299788
3.86971207258
3.95021831189
3.82362825444
3.73600057884
3.87374060097
3.98408051143
4.6084552057
5.08679084335
4.48644334976
4.22256696126
3.95769269638
3.41864038279
3.15758589626
3.11337823424
3.18112321755
3.05747711846
3.08759182587
3.05295242503
3.0623715382
3.50127611628
3.32489807054
2.99230494847
3.05192555122
2.99756668577
3.4059066372
3.63977182784
3.71494950264
3.9120710795
3.81190192706
3.79976357556
3.78045365005
3.59335916926
3.35319643162
3.20973127273
2.9767678693
2.89824425419
2.81337021885
2.87749868184
3.08792269218
3.12305411705
3.20777786421
3.05473601484
3.19603347462
2.91337911663
3.40944737311
3.61540917645
3.78991729637
3.68385526513
3.84340482374
3.22583613719
3.09896318772
2.91652314656
2.78646618545
2.41153306376
2.31911603792
2.32894648592
2.32635681209
2.0999670405
2.2715266552
1.97040276124
2.12446745311
2.1411200298
2.01156990397
2.1487487894
2.02637439335
1.88198945519
1.80418179509
1.76617057619
1.65245806488
1.63927747806
1.54905139526
1.62997262049
1.62449790103
1.62873108659
1.78689470715
1.43094241279
1.5449734062
1.78581547966
1.76012435723
1.74613983431
1.74485424551
1.9346306077
2.04582420371
2.15135015701
2.12827026727
1.88659982834
1.59462736171
1.7227026516
1.8996035211
2.1011799036
2.13114238979
2.18737184911
2.39546854061
2.44357934964
2.47256156276
2.6315764788
2.59017181457
2.46303981214
2.35828360389
2.11012638917
2.24767630198
2.59625890013
2.80231412482
2.89708333095
2.80512672815
2.70842168856
2.78300817807
2.65899660951
2.56152711234
2.50028148412
2.62279789525
2.74517376441
2.54686941753
2.75233462849
2.66928164811
2.64583416581
2.47740718102
2.79819204108
2.81463481426
2.92000130715
2.90737214054
2.71212779637
2.72662672635
2.62942403794
2.93672000959
2.73450633727
2.58149955847
2.46370333275
2.15684191682
2.44028829721
2.11694472543
2.21578596226
2.04781954425
1.82281487957
1.96225459005
1.67831781226
1.76872824594
1.4746722108
1.36950849321
1.53892851313
1.43346378882
1.51236965722
1.34376975432
1.26508864081
1.34570138833
1.45256157321
1.24965482236
1.1384866269
1.08846884383
1.11033102192
1.34981014853
1.18233704517
1.20491753709
1.29545871829
1.19881340234
1.0546645068
1.08538260952
1.19809351945
1.12687450849
1.11564444221
1.02448817374
0.841406932268
1.24425926243
0.915501944831
0.939346869392
2.25439429458
1.68469982374
1.82703096125
1.3451108245
4.27151086036
3.51549049543
2.81481581435
3.47955580851
2.884625718
2.93536906782
2.95384330264
3.92046165168
4.41430824991
4.57819340865
4.62295503565
5.7853196089
5.74485303375
6.27796882477
6.47999135194
6.73988368665
8.09643380184
7.51213998174
7.45330944076
7.42632261174
7.51735275131
7.05413972152
6.77032201908
7.04930518698
7.06982993149
7.28135149992
7.03520448119
7.30264465905
7.30569139613
7.20260791739
7.39018601382
7.19792847687
7.08937917249
7.20873175966
7.60329905987
7.29226731284
7.54346309795
7.57993247648
8.52410566877
8.98064416995
8.5838916948
7.98594769758
8.5888720767
8.32836879519
7.80234114327
7.7837751668
7.10352241912
6.84467864889
6.99940489396
6.86847049593
6.47665089066
6.88624056928
7.03313846159
7.23724330695
6.79361584995
6.98820510074
6.99952431031
7.13474434354
6.54432985298
6.63615682321
6.08434526409
6.23777703284
6.44522137182
6.53752430477
6.49349657344
6.18816163115
6.16668643424
6.22136746677
6.50951486337
6.73902512485
7.07204700949
6.91757063783
7.3132072576
7.81240560158
7.54849011591
6.82999197227
7.11700435678
6.85655832806
6.27285669307
6.15970432437
5.94445356371
5.96250523645
6.10881510949
6.58805447451
5.76653730106
5.80494734436
6.06842728712
6.94500972455
6.59616633736
6.21821081324
5.87507577564
5.37322025906
5.14421744061
5.01548878872
4.9135901801
4.94086516727
4.8553561404
4.44696358123
4.81495241311
4.54179413157
4.4497807357
4.46346369845
4.56598115051
4.88449272442
4.6530576675
4.89531151096
5.10246850378
4.84959829721
4.86904335079
4.91513357476
5.02721848352
4.72415921504
4.16396693912
4.02344200359
3.9800545005
3.85848586429
3.96223465644
3.82768131665
3.9709398319
4.10993939941
4.23508626045
3.95938503201
3.85442749948
3.86414939391
3.77017305223
3.77126102625
3.94699132119
3.92178728476
4.11300536621
4.14307122975
4.17259006458
3.88458829061
3.8197085221
4.01774282257
3.81390852174
3.98895410016
3.6459276966
3.36075557652
3.44269572545
3.45854034392
3.27878341354
3.23990233562
3.14050863408
3.18230518143
3.38222332569
3.63105499167
4.01718736592
3.74476485241
3.7757780502
4.1106272288
4.3174472199
4.2991603378
4.08640203074
4.30390840611
4.4374705521
4.34032615357
3.80280501647
3.82901270692
3.94705167575
4.0989088168
3.98597618573
3.8319073213
3.53777659361
3.66445372117
3.76252263364
3.68088341353
3.63438336697
3.52394915814
3.95626432071
4.37624642563
4.3600400331
4.09465433315
3.93427085988
3.89498465996
3.81459705841
4.06891698016
3.99255155058
4.22540190388
4.22533220244
4.24376897121
4.03280878803
4.13196103983
4.08578783865
4.03580766699
4.33337877074
4.23007045413
4.24538604134
4.17962801964
4.19086999497
3.96263257042
3.78054782736
3.90632525177
3.61850540151
3.56189504879
3.38430817153
3.47517043565
3.54386760767
3.40921373288
3.51241057218
3.46586721599
3.29948384379
3.5275965497
3.54517631494
3.74143546804
3.23369827941
3.19457531157
3.26203566313
3.06794779134
3.15325233375
3.39707070305
3.39959014451
3.36930378227
3.37029278805
3.64110936225
3.6151323786
3.69013002319
3.77306123616
3.6714669204
3.741646687
3.72251012761
3.88791239166
3.94435995298
3.64051656241
3.5695100211
3.66155926003
3.62376446748
3.6491042316
4.02292316335
3.71140141836
3.63661576868
4.11329669933
4.18660270022
4.22091651242
4.0823450605
4.13878518856
4.03903286385
4.07809099484
4.0694640256
3.81406673972
3.90317093716
3.76159160256
3.73752702869
3.64832140285
3.74301247088
3.85209733633
3.64982496935
3.9992072447
3.94829891812
3.99815815532
4.09306934001
3.9615741415
4.08796733509
4.16968152917
4.1207864516
4.0808303245
4.0223674835
4.71678099195
4.66633102204
4.56297375995
4.3999270958
4.4767670041
4.78133280883
4.59089856865
4.23039091547
3.92081919505
3.63572081776
3.7572330545
3.37627932321
3.2284750255
2.97328293424
3.21047321346
2.89595069474
2.97289334035
3.04489552206
3.56435815179
3.74011530407
3.70965338463
3.86592047317
3.6289353224
3.83205020371
3.85187089036
3.8250805439
3.86158545934
4.26836119969
4.29077213669
4.28411144589
4.15406047398
3.92806483007
3.74168640733
3.90276443875
4.18703277667
4.3722461825
3.94750018967
3.92367744645
4.09335865934
4.59891434828
4.52810047757
4.59536285614
4.30073332843
4.3262373754
4.41864248561
4.39544200335
4.45171324494
4.28678487033
3.82216640057
3.63694250479
3.53249529009
3.44143875923
3.0958597122
3.24305821942
3.59950881142
3.41155522312
3.1537054232
3.26893902658
3.50816867917
3.66425533136
4.1584006461
4.08594553991
4.07185035703
4.06355688258
4.40581228555
4.33835568436
3.89301309222
3.81258547696
3.78829623831
3.59682679075
3.63401708665
3.59799981706
3.42792116895
3.54902196378
3.28416614111
3.72329053008
3.59583050074
3.59314012106
3.67881771374
3.99327920336
4.57483514827
4.28228834787
3.86731131807
3.74810161342
3.82539540366
3.87787767435
3.65096178467
3.66985954753
3.79400760918
3.75224531927
3.55478550895
3.39585328948
3.34128271501
3.22596731915
3.32426278501
3.22322166453
3.20363076696
2.97590424744
2.96994195
2.9369766277
3.26924643381
3.31397670192
3.51654705048
3.39921855633
3.36958448573
3.34682584827
3.25170912564
3.43206796713
3.25445072591
3.39204413684
3.45032494233
3.02951731051
3.0115623972
3.10239422919
3.45289925264
3.52136528209
3.48664964454
3.23319874514
3.55159213043
3.23677096025
2.87849857882
2.84892617718
2.89358712575
2.98542159265
2.71056071167
2.94116230442
2.99998044675
2.70078671868
2.46641929787
2.47909917551
2.46321879361
2.26045971296
2.40139403594
2.40181598697
2.4893603607
2.60569332539
2.60748448357
2.68240162006
2.481809133
2.54561928732
2.28581735245
2.25070333399
2.23473584764
2.44407457513
2.34285823234
2.45808473058
2.40161689304
2.20806163001
2.3073029532
2.54489754607
2.52627104332
2.86056543216
2.87787624793
2.84940828327
3.23553770393
3.26557682474
3.26600537791
3.23469762755
3.38773823782
3.39869229661
3.50925074016
3.56862854771
3.73914623361
3.72817355084
3.76103860461
4.0227381906
4.26916933034
4.18147947174
4.00077139306
3.82882605976
3.65819578837
3.72537383989
3.80571462349
4.13530533254
4.13856344705
3.93816361593
3.93728282228
4.02993770496
4.06124919132
3.98212868143
4.17248907171
4.17014296166
3.59314616039
3.673215973
3.72519120372
3.87017160105
4.17133735973
4.27891505186
4.37472348575
4.67645391854
4.24852515355
4.38141128048
4.6260793728
4.22986536301
4.01045673124
3.55022477855
3.73645167307
3.57671323624
3.12090869834
3.16676703211
3.27817374952
3.21729584944
2.86899707279
3.07299801606
2.80798667515
2.72098303408
2.49059445674
2.86655417286
3.08690800031
3.13279991743
